"market" "Gold" "Rkfree"
"1968-02-01" 0.00285507540496543 0.0404913613547369 -0.0404913613547369
"1968-03-01" -0.0725067156290258 0.0781985393316036 0.0345211943682331
"1968-04-01" 0.0134510992135342 -0.0313130933984729 0.0236697440859048
"1968-05-01" -0.00833053734476286 -0.0112594088015792 0.065999441777246
"1968-06-01" -0.0101415725672185 -0.0378408774611043 0.0305504441984255
"1968-07-01" 0.0580306572750444 0.0075074136953217 -0.0639487246002737
"1968-08-01" 0.0427282850048674 0.0935325485460006 -0.0642869804495387
"1968-09-01" -0.0206316737407453 -0.0758054400493338 0.0413852161628543
"1968-10-01" 0.0388903564847241 0.028213048675658 -0.00386847677792024
"1968-11-01" -0.0545697077100342 -0.0285523260181797 0.0565122102633422
"1968-12-01" 0.0208284487303774 -0.000381855797458419 0.0271019297777915
"1969-01-01" -0.129798148432362 -0.0712800992832705 0.0902740226244461
"1969-02-01" -0.0181674837500656 -0.00388597777662203 0.00811034453745374
"1969-03-01" -0.0415866762413166 0.0194967696509887 -0.00323624877920836
"1969-04-01" 0.0600402047896176 0.0342051350385679 -0.0296074257899384
"1969-05-01" 0.0321528792602299 0.00646577072372967 -0.0117549632314438
"1969-06-01" -0.0387475797993708 -0.0918635424268393 0.0332256476283204
"1969-07-01" -0.134420585440005 -0.0722175521937636 0.0860577634032975
"1969-08-01" -0.09643323212119 -0.0616416223026448 0.048290289127781
"1969-09-01" 0.0176279220000635 -0.00598867654467439 0.00427655676726024
"1969-10-01" -0.0518391193875334 -0.0407463159810311 0.0197189487889555
"1969-11-01" 0.0771217682993073 -0.0882433864168548 -0.0282904298390965
"1969-12-01" -0.114581680648686 -0.0854399871419258 0.0732877957698321
"1970-01-01" -0.0568509830754085 -0.0642025473920516 0.05448818528407
"1970-02-01" -0.0555865653175567 0.0293023081990751 -0.02557684178965
"1970-03-01" 0.161796417327569 0.120646837486912 -0.116650257802427
"1970-04-01" 0.0842902380095829 0.104213291480359 -0.0802853377851234
"1970-05-01" -0.176629556178764 -0.0756308377489607 0.0759089631853245
"1970-06-01" -0.0466720355641377 -0.0171563101033654 0.00146092063967473
"1970-07-01" -0.0094901105872649 0.0526992857094728 -0.0555281419099505
"1970-08-01" 0.0668504630047861 0.0110050853175836 -0.0124225199985570
"1970-09-01" 0.0513302737130639 0.0289856976248908 -0.00156372197618282
"1970-10-01" 0.127372069469930 0.134283319619922 -0.0865846648005222
"1970-11-01" 0.0197866558227677 0.0175265739344395 -0.0294393554506815
"1970-12-01" 0.179609849368303 0.129277683312021 -0.133280357101678
"1971-01-01" 0.0594482112426895 0.0354679674369895 -0.0182375875497811
"1971-02-01" 0.22754628797815 0.189568811617007 -0.171339140125345
"1971-03-01" 0.209909518912229 0.205717011327830 -0.203912189386322
"1971-04-01" -0.0484345714192349 -0.0730450245637346 0.0827861936192873
"1971-05-01" -0.0222672336901288 -0.00780300471822626 0.0507451990052354
"1971-06-01" -0.157372068129085 -0.145996191451963 0.126999690761308
"1971-07-01" -0.182308224622205 -0.111858412863132 0.178107798404332
"1971-08-01" -0.0447779670290729 -0.00690782345785768 0.00574164256767529
"1971-09-01" 0.184139334570121 0.147565730450576 -0.152244101556677
"1971-10-01" -0.0124639778363920 -0.0145730341939017 0.0110498361865849
"1971-11-01" 0.00189218313860340 0.086813437857568 -0.0658580726815801
"1971-12-01" 0.0163823941631283 -0.00821848164222483 0.0116687438343772
"1972-01-01" 0.218545942560630 0.214381540852402 -0.155311446063221
"1972-02-01" 0.0958209709525586 0.124532636444806 -0.0730661968745872
"1972-03-01" 0.0200131431788289 -0.0165407567162452 0.0115943327809194
"1972-04-01" -0.0870011657130663 -0.0697871578095084 0.088211425135567
"1972-05-01" 0.0385146427127343 0.23226213857661 -0.0458919932566553
"1972-06-01" -0.0286600051350021 0.0181980796361971 0.0563907773548751
"1972-07-01" -0.0980913700829382 -0.0395121203425313 0.0778309846446681
"1972-08-01" 0.0967600377634614 0.0935791246290316 -0.0883297687428879
"1972-09-01" -0.152274808987197 -0.152535559960193 0.180560992958922
"1972-10-01" -0.00555056001820131 -0.0533131774283639 -0.00662985853866949
"1972-11-01" -0.0293181267762883 -0.0705541674761474 0.0518474645319629
"1972-12-01" 0.00986275588408292 -0.00853031480985722 0.0310905870700311
"1973-01-01" -0.0487152555469006 -0.00644572173430547 0.0632621967779663
"1973-02-01" -0.135560558061342 0.0770754295117031 0.0984400728132526
"1973-03-01" -0.0380572576498321 0.0961944090036033 0.00519481687710388
"1973-04-01" -0.117362184505473 -0.110048142233476 0.109497026209607
"1973-05-01" -0.00168416750870604 0.355392796912548 -0.0266682470821613
"1973-06-01" -0.132699535913456 -0.134915016278305 0.102654154060083
"1973-07-01" -0.135207487460870 -0.179132623195523 0.125247534700544
"1973-08-01" -0.0215040119032230 -0.154208833376388 0.0589851550210159
"1973-09-01" -0.0685845185044176 -0.119127572170464 0.0466284931530332
"1973-10-01" 0.252822379119019 0.220585635946972 -0.218031356141875
"1973-11-01" -0.0626047947240029 0.0159557337643137 0.0577877404812353
"1973-12-01" -0.0877012765640708 0.106878347140059 -0.0493250665625014
"1974-01-01" -0.0151919689496318 0.152701271075084 0.0546584125378637
"1974-02-01" 0.00386568662815368 0.269484921016949 -0.0283228642000610
"1974-03-01" -0.0287782262068021 -0.0468179722879243 0.0309789082581777
"1974-04-01" -0.121393702605484 -0.0831141196012486 0.0972374268474918
"1974-05-01" -0.0649842292621003 -0.179994812243117 0.0538771975167349
"1974-06-01" 0.0462903830118955 0.0527227098956202 -0.0807080753136913
"1974-07-01" 0.070318361740632 0.165434834086479 -0.105497868861806
"1974-08-01" -0.175083962700298 -0.128522019223215 0.0867824130504498
"1974-09-01" -0.280241598514317 -0.203196098605836 0.169859678338244
"1974-10-01" 0.234568842223556 0.472781872202114 -0.341159079457151
"1974-11-01" 0.00219357098480089 -0.0506467588617987 0.150942464050163
"1974-12-01" -0.0190050456491990 0.099256579620297 -0.0623130644286132
"1975-01-01" 0.0883733870761763 -0.0316474503730610 -0.0577218621584734
"1975-02-01" 0.300720416773600 0.245132468093096 -0.198097519388122
"1975-03-01" 0.0772481257656155 -0.0331749152535583 -0.0124446050480838
"1975-04-01" -0.0136129418055160 -0.065347914316876 0.00890477834295966
"1975-05-01" 0.0891146814022932 0.0543372812822289 -0.0251359732715422
"1975-06-01" 0.0961206182958831 -0.0109120334509825 -0.0465200156348928
"1975-07-01" -0.112635621939298 -0.100579508636549 0.136859182717197
"1975-08-01" -0.128441078307425 -0.0930396750198432 0.0533675535838705
"1975-09-01" -0.0399040460037920 -0.239760745625677 0.0109633047972697
"1975-10-01" -0.0472743775743041 0.0858831593524751 0.0169888255864699
"1975-11-01" 0.219374030007739 0.149860118328829 -0.159011889349147
"1975-12-01" 0.0324646487171101 -0.00101036026182322 -0.00359712618084962
"1976-01-01" 0.0676727616964294 -0.043581896693369 -0.0651393021709614
"1976-02-01" 0.184115265556848 0.127983855236145 -0.0800427076735364
"1976-03-01" -0.088505100749523 -0.108763808789534 0.0800427076735364
"1976-04-01" 0.0591755351290748 0.0372227104906082 -0.0372227104906082
"1976-05-01" 0.0132958283753506 -0.00688770346560141 -0.0262906952317177
"1976-06-01" -0.139311771804321 -0.135099144399607 0.128652707893287
"1976-07-01" 0.0716056928838193 -0.0455119537470055 -0.0348339526756323
"1976-08-01" 0.0438957199247094 -0.0417107158934396 -0.0477645708670977
"1976-09-01" 0.0123172803877167 0.111626531905380 -0.00392157365318169
"1976-10-01" 0.0109282726133535 0.0744102696167253 -0.00987174847915417
"1976-11-01" 0.0301665723812941 0.0915830225124481 -0.0404913613547369
"1976-12-01" 0.0871058730903429 0.124197079498181 -0.0930400312697857
"1977-01-01" 0.047609063990109 -0.0123082379286916 -0.00454546237167475
"1977-02-01" -0.119283776726257 0.00136882488544310 0.0767079086199052
"1977-03-01" -0.0100298380163681 0.0478619311288422 -0.00847462699097212
"1977-04-01" 0.0201258109763534 0.0245091696676147 -0.0346354966627564
"1977-05-01" -0.0480438923199729 -0.0739896368056017 0.0452176059932934
"1977-06-01" -0.0796849248673419 -0.0597504103671473 0.0592614640367273
"1977-07-01" 0.0361567661962972 0.0126715528945289 -0.00397614837963944
"1977-08-01" -0.0735050762045653 -0.0516187034287308 0.0636666272042774
"1977-09-01" -0.0618759210520226 0.0164189116805711 0.0385015473545758
"1977-10-01" -0.06872300752365 -0.0219004343950382 0.0677931112950474
"1977-11-01" -0.101707371764371 -0.053702474280882 0.0443786871935496
"1977-12-01" 0.0669330111833866 0.0617699531525056 -0.0310228960119938
"1978-01-01" -0.0338016058256023 0.0384976411072071 0.0245712607305053
"1978-02-01" -0.0788874624368663 0.00111930442836194 0.0365409994629793
"1978-03-01" -0.0325007912559918 0.00390176855784685 0.00155884676929108
"1978-04-01" 0.0317432681492051 -0.056142952843167 -0.017282441148748
"1978-05-01" 0.099043977019205 0.0775013758312753 0
"1978-06-01" -0.049729694951651 -0.0518863200591673 0.0464479773104731
"1978-07-01" -0.073646925979961 0.0397439073572488 0.0501580057131059
"1978-08-01" 0.0670476974283096 0.0468234764094995 -0.0101230076314487
"1978-09-01" -0.0830409456586358 -0.0691175872495049 0.112601676914386
"1978-10-01" -0.0426867519181720 0.0679711504064935 0.0357180826020791
"1978-11-01" -0.164656220992987 -0.324158089646333 0.103479047558121
"1978-12-01" -0.00590277693813412 0.157557838148873 0
"1979-01-01" -0.0566925152978652 -0.0287623344742545 0.0613554945774504
"1979-02-01" 0.0499959158452494 0.0903009933675607 -0.0171494020729543
"1979-03-01" -0.047176724821655 -0.0691316571485756 0.0160861377516244
"1979-04-01" 0.0256666122786062 0.0171770281444661 0.0147837961842368
"1979-05-01" 0.0119023863753349 0.116386013946013 -0.00420168685369982
"1979-06-01" -0.0270981278799431 0.0131985030547761 0.0021030501967787
"1979-07-01" 0.0920176739792584 0.129659669077649 -0.0639784539148662
"1979-08-01" -0.00428037306370044 0.0314720839323241 0.0254297837976312
"1979-09-01" -0.0588285447520547 0.139771065543325 0.0897369169706796
"1979-10-01" -0.00252014651944599 -0.052613961848925 0.0128906098310777
"1979-11-01" -0.229178009018538 -0.0890650210047963 0.172420485811243
"1979-12-01" 0.0505440540950572 0.255422726809737 -0.0192555133087438
"1980-01-01" -0.0289968860113965 0.186990568693261 0.0283352290091403
"1980-02-01" 0.0848026864757356 -0.0248074737042678 0
"1980-03-01" -0.232098135037412 -0.46229879861217 0.209076294102774
"1980-04-01" -0.098215260404496 0.0444300885340425 0.00199800266267314
"1980-05-01" 0.403691737133218 0.405321614561867 -0.372095966933546
"1980-06-01" 0.320123441558798 0.470231120534834 -0.271089477358361
"1980-07-01" 0.0193912253600081 -0.079506845380887 0.0175663237178987
"1980-08-01" -0.0256926113679103 -0.0515939732813813 0.0788939424696631
"1980-09-01" -0.105518816164430 -0.0714636453122983 0.126176827784852
"1980-10-01" -0.121462281695670 -0.206773782916541 0.148489876554859
"1980-11-01" -0.125039536900019 -0.154766871540082 0.139951785754941
"1980-12-01" -0.0491958537420265 -0.160627469796030 0.110586018858156
"1981-01-01" -0.00227363384817458 -0.147663197138418 -0.00408719915026978
"1981-02-01" -0.0885944696009027 -0.0520827117022025 0.0169208774883369
"1981-03-01" 0.0652337070253579 0.0752084798903359 -0.0258342035547634
"1981-04-01" 0.194212449389919 0.0980149784904323 -0.160252822992253
"1981-05-01" -0.199126063558638 -0.177806945133364 0.170530405750494
"1981-06-01" -0.0573739083008347 -0.172818467426693 0.0550354317703103
"1981-07-01" 0.0362601718595990 0.0083135017944862 -0.0563996884621245
"1981-08-01" -0.050943382898506 -0.0106636791394399 0.0563996884621245
"1981-09-01" -0.0646626736770206 0.00299517041124853 0.00578965914448437
"1981-10-01" 0.0181755809060355 0.0635750776110466 -0.0676650628625719
"1981-11-01" 0.19718604615651 0.108439299827542 -0.138150338480817
"1981-12-01" 0.205573932789586 0.154783431850722 -0.190391859318090
"1982-01-01" -0.109320301060808 -0.115353209129085 0.0823133550508852
"1982-02-01" -0.224448954179839 -0.248323529444345 0.183199134735313
"1982-03-01" 0.0700866013476347 -0.016201649055394 -0.108777653471584
"1982-04-01" -0.0718580728096008 0.0451639518468276 0.0760852917860424
"1982-05-01" 0.0647755446080911 -0.066480221669182 -0.0384959003648451
"1982-06-01" 0.0140103644540241 0.0348907149922564 -0.0590070140521251
"1982-07-01" -0.0709348822840545 0.0329800116502272 0.0439810294859009
"1982-08-01" 0.295755968027336 0.475645535736542 -0.293275375088292
"1982-09-01" 0.187472110452356 0.0699627228053319 -0.105835462235266
"1982-10-01" 0.166883600512594 0.199936255355544 -0.13590951502949
"1982-11-01" 0.0442704501106492 -0.03102542829106 0.0607046506268496
"1982-12-01" -0.0347307051059866 -0.0312870154796228 0.0584380045455735
"1983-01-01" 0.0417086727110405 0.153266128244457 -0.0444517625708336
"1983-02-01" 0.00299748452905302 -0.230968646938232 0.0298529631496809
"1983-03-01" 0.0787351171536983 0.0399991838902203 -0.0248151691197238
"1983-04-01" -0.0678897700411141 -0.0476100122526417 0.0819735829596726
"1983-05-01" 0.128436976735268 0.0897676974055757 -0.070730491385492
"1983-06-01" -0.0610512924729658 -0.114153267605804 0.0637618220693987
"1983-07-01" 0.0194491622514428 -0.00301140257689125 0.01733145635164
"1983-08-01" -0.0999410567447607 -0.078553667455592 0.0600180097262526
"1983-09-01" 0.0188330080242407 -0.0171742471908729 -0.00540834200926099
"1983-10-01" 0.0630395180648708 -0.0050016105989048 -0.0534648479010587
"1983-11-01" 0.0183282315894355 0.0898461395034444 -0.031379681003481
"1983-12-01" -0.0290001451999999 -0.105920504039552 0.0461442876575249
"1984-01-01" -0.0293747280476344 -0.0350735070343466 0.0145497810147317
"1984-02-01" 0.00434106255505906 0.0656956289486574 -0.0122975278104063
"1984-03-01" -0.0615458798998052 -0.047880942877228 0.0331888868417822
"1984-04-01" -0.0532743643951048 -0.0851820477492269 0.0519459649208902
"1984-05-01" 0.0210866461382411 0.0201723112184888 0.00206398422085119
"1984-06-01" -0.0638702534301068 -0.0398374236683718 0.0102565001671895
"1984-07-01" 0.00588020549612489 -0.0797375853283682 -0.0061412680220827
"1984-08-01" -0.0627174606149121 -0.0513581442653943 0.0684451513582371
"1984-09-01" 0.0449961922314066 -0.0357557599801148 0.0227497963009813
"1984-10-01" 0.0405333363124218 0.0118397017250236 -0.042111485350127
"1984-11-01" 0.144273368789170 0.113404393752983 -0.126989508343289
"1984-12-01" 0.0406352457908423 0.00392918176212254 -0.0689135976353898
"1985-01-01" 0.0869990554984179 0.0660926611620329 -0.0714589639821446
"1985-02-01" 0.032179851936422 -0.108566372332267 0.0449513878622660
"1985-03-01" -0.0303752578780752 0.078924468312033 0.0558008247093658
"1985-04-01" 0.049942233504316 0.0364103265154769 -0.0606967953215722
"1985-05-01" 0.0341974959829003 0.0271871979784737 -0.050325083887516
"1985-06-01" 0.158508285795371 0.110801549488846 -0.0989296253275358
"1985-07-01" 0.0378928579978828 0.0518222568092046 -0.0215991118034617
"1985-08-01" -0.0582565119032867 -0.0391872813276579 0.0565921853111699
"1985-09-01" 0.000149047890988241 -0.000508695323585551 -0.0222540477302784
"1985-10-01" -0.00391345491882822 0.00931814929748098 -0.011315537992576
"1985-11-01" 0.0104160022254769 -0.0232793140299901 0.0238943201994362
"1985-12-01" 0.0372714684674551 -0.00369827330815253 0.00829880281469508
"1986-01-01" 0.0668235605777832 0.0922973882782316 -0.0222850447894349
"1986-02-01" 0.0348204752699375 -0.0216864874617388 -0.0141846349919565
"1986-03-01" 0.0564711714337638 0.0214469976353295 -0.0042949242828807
"1986-04-01" 0.138530741242010 0.101389301787817 -0.0963149886163477
"1986-05-01" 0.0354585150670397 0.0279708600415203 -0.0353734629725808
"1986-06-01" 0.00105372482193911 -0.0298109125873927 0.0401016041685267
"1986-07-01" 0.0881033077740079 0.0904682681637934 -0.0599369652246726
"1986-08-01" -0.032966011400831 0.110747779231537 -0.0374193316073499
"1986-09-01" 0.162259246472030 0.201319454128051 -0.105938383342211
"1986-10-01" -0.0619130742414207 -0.0538834532375203 0
"1986-11-01" 0.0470617875903845 -0.0329437205832448 0.00384615858747828
"1986-12-01" -0.0263804772989216 -0.0414433615036385 0.0395159596862793
"1987-01-01" -0.0341966586746942 0.00607519070818241 0.0237021123067882
"1987-02-01" 0.104118047856293 0.00251707492250874 0.0107527917762620
"1987-03-01" 0.0468625434339767 0.0600948190498769 -0.0234456185746807
"1987-04-01" 0.0217180286409642 0.0629216161533108 0.0108893997992681
"1987-05-01" -0.0257617816877391 -0.0157486071141926 0.0107720969819112
"1987-06-01" -0.0114696742795153 -0.0259374061632776 0.0176995770994011
"1987-07-01" 0.054822331231889 0.0439991558442145 -0.0105821093305372
"1987-08-01" -0.0230107061584484 -0.0900460254118336 0.0701742065327826
"1987-09-01" 0.0066878561883077 0.00186037924082827 0.0115038244814847
"1987-10-01" -0.0679638184814255 -0.0600054112064754 0.0800427076735364
"1987-11-01" -0.0814952912112095 0.214591362641513 -0.165273140292171
"1987-12-01" -0.0849292970181696 -0.00466922751923859 -0.0125337361472566
"1988-01-01" 0.0404468361909478 -0.113181146983655 0.0577588341521924
"1988-02-01" 0.0346102232878442 -0.0339449174504345 -0.0381328696954439
"1988-03-01" 0.0537441218683896 0.0768748070593959 -0.00709222830949185
"1988-04-01" -0.082653341302967 -0.0576610853141217 0.0401099973381653
"1988-05-01" -0.0174282772371817 -0.0241902057765524 0.0385630347343107
"1988-06-01" -0.0427481800558931 -0.104664212977930 0.0621714125347335
"1988-07-01" 0.00661703918608425 -0.0117164329604724 0.0122889411343514
"1988-08-01" -0.0519236763893436 -0.0744410997908109 0.0535045881324181
"1988-09-01" -0.104419796931248 -0.127519809681034 0.0521612244290159
"1988-10-01" 0.0547144537955826 0.04432308043349 -0.00550965581096952
"1988-11-01" 0.0141891235174549 0.0107147168103525 0.0137176362287992
"1988-12-01" -0.0909995854497212 -0.096834064379649 0.0671746891678926
"1989-01-01" -0.0259808289033328 -0.0766924688923987 0.0362766482201322
"1989-02-01" 0.0482736832153541 -0.0457899207550869 0.027863704486935
"1989-03-01" -0.0682305436845354 -0.0439284850060364 0.0340608380729597
"1989-04-01" 0.0135035896270521 -0.033161183291627 0.0183071474443564
"1989-05-01" 0.064990181706098 -0.0196746519451407 -0.0229367853430986
"1989-06-01" 0.0418895887139747 0.031647612918583 -0.00116076623596229
"1989-07-01" 0.0686932982570996 0.0645592294447193 -0.0772398256375153
"1989-08-01" 0.11759945036479 0.0202471455711715 -0.0435966475057583
"1989-09-01" -0.00107949986883948 -0.0112485613344768 0.0296987611447497
"1989-10-01" -0.0119276541819091 0.019917656397602 0.00380952841666771
"1989-11-01" -0.0139071722064434 0.0979488444238719 -0.0140397966674826
"1989-12-01" 0.0599240171858129 0.0149879697877027 -0.0326612963784982
"1990-01-01" 0.0188928551025755 0.0278194097519968 0.00661815784247821
"1990-02-01" -0.113292434816522 -0.0413365196166837 0.0234691345408469
"1990-03-01" 0.00551952548091217 -0.107513527852284 0.00642262965646756
"1990-04-01" 0.0216019812534234 0.00181127351345056 -0.0038486256612944
"1990-05-01" -0.0370619298664052 -0.0306976612913252 0.0178348676360343
"1990-06-01" 0.119727469576955 0.000430288902602882 -0.0307716586667537
"1990-07-01" -0.0178002123273417 0.0477186443745108 0.00778214044205505
"1990-08-01" 0.0309787002553428 0.082883451600324 -0.042222630422347
"1990-09-01" -0.0915992620508272 0.0559376064530404 -0.00405132221917848
"1990-10-01" 0.0102677228449095 -0.0375759889209193 -0.0358165005339059
"1990-11-01" -0.014185634845181 0.0252826687466687 -0.0112836176020272
"1990-12-01" 0.0541392181024465 0.00350172201408760 0
"1991-01-01" 0.0946229865148076 0.0336762624366187 -0.0873982990296669
"1991-02-01" 0.123469260070713 0.0648125614539463 -0.0738698485664555
"1991-03-01" 0.0620076481671898 -0.0345175576030836 0.0148886124937506
"1991-04-01" 0.0579484983991989 0.0615979242710418 -0.0557106070140057
"1991-05-01" 0.0628667323238279 0.0463230812462303 -0.0389429739486076
"1991-06-01" 0.00945375030296125 0.0110469504127289 0.0107720969819112
"1991-07-01" -0.0228996124862455 -0.0114662260567924 -0.00357782134788387
"1991-08-01" 0.0294430381109427 -0.0381218232822655 -0.0053908486348766
"1991-09-01" 0.0514819719598514 0.0599314806316864 -0.0385722747862396
"1991-10-01" 0.0384340438949979 0.0531445458022328 -0.0459851132418234
"1991-11-01" 0.0765282109611081 0.0955530992556384 -0.0710959216837301
"1991-12-01" 0.0554189472352864 0.0452437837590225 -0.0810958936581951
"1992-01-01" 0.216242376447024 0.128360340143877 -0.126381540911615
"1992-02-01" -0.0135045511416279 0.00236676069358643 -0.00519481687710388
"1992-03-01" -0.0411891837352116 -0.0811121531720507 0.0482940093589561
"1992-04-01" -0.0151558287684941 -0.0108057400095174 -0.0049751346401139
"1992-05-01" 0.119883500546549 0.102971818882688 -0.0995585930417184
"1992-06-01" -0.0210267345110164 -0.0151927535547696 0.0325231917055602
"1992-07-01" 0.0441598427379595 0.0960261922162267 -0.0548082364949951
"1992-08-01" 0.142359932968982 0.0620477290237358 -0.113216015598135
"1992-09-01" -0.0151182608233176 0.032455439643867 -0.00632913505164745
"1992-10-01" 0.188580848940402 0.159717608015491 -0.188052231502940
"1992-11-01" -0.127191002421308 -0.157587539979868 0.142589857426182
"1992-12-01" -0.082215694061049 -0.106733666032313 0.101032225231568
"1993-01-01" 0.0886644010304507 0.0724598935627827 -0.0780427070068694
"1993-02-01" 0.0764853081869741 0.0515568500555079 -0.0602188599930549
"1993-03-01" -0.0182475882698516 0.0135662190354853 0.0170944333593002
"1993-04-01" 0.0356759544106677 0.0647844408570264 -0.0170944333593002
"1993-05-01" -0.0071652552047865 0.0736928049351058 -0.0103987072208984
"1993-06-01" -0.0321728719499603 -0.054899631477058 0.0575454856466004
"1993-07-01" 0.0059288796171233 0.0763301688779807 -0.0165841280155352
"1993-08-01" -0.0238907438220941 -0.104550734210654 0.0264041741965106
"1993-09-01" 0.0482075979838719 -0.0244207125218621 -0.0197374828383214
"1993-10-01" 0.0263107206706501 0.0692525530048276 -0.0303564624805939
"1993-11-01" -0.0300205682397792 -0.0433201549560831 0.0468312996840989
"1993-12-01" -0.0316970080667931 0.0352876745573425 0.0162078102268535
"1994-01-01" 0.0337165339222842 -0.00673825225443281 -0.0260601066698651
"1994-02-01" 0.0300109289548356 0.00961229338019987 0
"1994-03-01" -0.17350086163598 -0.121487670116851 0.141339116693058
"1994-04-01" -0.101340646016271 -0.0781335453957828 0.0448254313800642
"1994-05-01" -0.0371910959066515 -0.0396215626823944 0.0688102064028744
"1994-06-01" -0.0566491498009905 -0.0650982905272057 0.0667738725393905
"1994-07-01" -0.0276832027561711 -0.0133963968384507 0.00238948739738154
"1994-08-01" 0.0114001770772598 -0.0167053370041159 0.0212522756596589
"1994-09-01" -0.0329390052407386 -0.0356575477592307 0.0589740024595511
"1994-10-01" -0.0633345573941921 -0.0671358822138897 0.0388817875442073
"1994-11-01" -0.0591390947368502 -0.0754582615602313 0.0735024619929268
"1994-12-01" -0.131007297380152 -0.0900540646079655 0.0884866661679524
"1995-01-01" 0.0278652020861372 -0.0146492620553851 -0.00542006746933921
"1995-02-01" -0.038885337801968 -0.0591858176521736 0.0631789016215316
"1995-03-01" 0.0542617103651983 0.0629663391805144 -0.0223569071012764
"1995-04-01" 0.0433026770824898 0.00473327481844299 -0.0104896066710194
"1995-05-01" 0.0226717771767722 -0.0158379370693527 0.00175592670226488
"1995-06-01" 0.0706129039605143 0.0410319377556061 -0.0339015516756815
"1995-07-01" 0.0379585585819102 0.0031800886511526 -0.0127855622969717
"1995-08-01" 0.0226803971564671 -0.00261199051466932 0
"1995-09-01" 0.039225501757256 0.0360548314120732 -0.0317486983145805
"1995-10-01" 0.0350209949514872 0.000280466617941233 -0.00380228594973842
"1995-11-01" -0.00895683484081 0.000123782802601058 0.0132452267500207
"1995-12-01" 0.0438732748521353 0.00397752950752661 -0.00565505748334516
"1996-01-01" 0.0847987689535794 0.108830361445292 -0.0623984057616707
"1996-02-01" 0.0443903585240328 0.00407159432948245 -0.0162275366217568
"1996-03-01" 0.0153679341769648 -0.00463670336653688 -0.00615386557437803
"1996-04-01" -0.0199602193065871 -0.0472046762660436 0.0343815461992454
"1996-05-01" 0.0132995304170269 0.0100816168430502 -0.0120001440031106
"1996-06-01" -0.00207621322946694 -0.0440268149315843 0.0218914214818533
"1996-07-01" 0.0141769726365049 0.0105720870128352 -0.00197044398729873
"1996-08-01" -0.0449121359725484 -0.00266074799281624 0.00589972212718815
"1996-09-01" -0.00835998486499356 -0.0352895372251689 0.0155645165411116
"1996-10-01" 0.0925349274178164 0.0427036079161129 -0.0413852161628543
"1996-11-01" 0.0110841300597619 -0.0318543292477513 0.0100100935951004
"1996-12-01" 0.0883948469780322 0.0105281627322618 -0.0160646025038065
"1997-01-01" -0.0482032941763781 -0.0885041902912016 0.0220229120874371
"1997-02-01" 0.081252057145904 0.0531833211420387 -0.0159684031787310
"1997-03-01" -0.0130111292838486 -0.0534321302363705 0.0238579904538940
"1997-04-01" -0.0595460878405303 -0.0369054735285264 0.0136587489310400
"1997-05-01" 0.0635866494788953 0.0295540890698713 -0.0136587489310400
"1997-06-01" 0.121009547673256 0.0303415923579917 -0.0628372840590667
"1997-07-01" -0.0133666972973472 -0.0896159133745147 0.0647999932269154
"1997-08-01" 0.0552037011387387 -0.00893401859263143 0.0058651194523982
"1997-09-01" -0.00515045750212928 0.0362520183371176 -0.0157174158954099
"1997-10-01" 0.047544026140443 -0.0463753664323709 -0.0179825025504323
"1997-11-01" -0.045170537190417 -0.0758545471001166 0.027834798993444
"1997-12-01" 0.0393594253773299 -0.0239773118407669 -0.00196270916784869
"1998-01-01" -0.0153179078943351 0.037106504111309 0.0155948579579064
"1998-02-01" 0.0421408353748436 -0.00914696036986418 -0.0155948579579064
"1998-03-01" 0.0297332331867317 -0.00356262723508549 0.0155948579579064
"1998-04-01" 0.0955475212585635 0.0711704000619264 -0.0394528484118004
"1998-05-01" 0.0298038061099588 -0.0383348994151589 -0.0182746202434816
"1998-06-01" -0.0230379872601485 0.0132609397918115 -0.00410678195265324
"1998-07-01" 0.0330834702918834 -0.0438140710204411 0.0183491386681964
"1998-08-01" -0.0359854463456653 -0.0590038614653643 0.0040322635279384
"1998-09-01" -0.0712388029236661 0.113207043977099 -0.0410735352082876
"1998-10-01" 0.136121969981195 0.141513312585495 -0.144068897927308
"1998-11-01" 0.0791662682181287 -0.0348935736997731 0.0403376157265753
"1998-12-01" 0.0372722965049852 -0.0433426593631867 0.0184337016888381
"1999-01-01" 0.0462475578350232 -0.0048715117457081 -0.00228571528085597
"1999-02-01" 0.0267963795898123 -0.00334696878034602 0.00911168035125587
"1999-03-01" -0.0671908277468289 -0.0646573395652772 0.0378243086673389
"1999-04-01" 0.108595964287687 0.0883481051049408 -0.0630839754265768
"1999-05-01" 0.00947282162327623 -0.101397974637390 0.0365337433324560
"1999-06-01" -0.063367497081362 -0.0464811227877273 0.0177782460212839
"1999-07-01" 0.0582536133838101 -0.027492877672171 0.00658619285285678
"1999-08-01" -0.0564212232344765 -0.0204888134985231 0.0173540146931517
"1999-09-01" -0.033635279345005 0.124057941229435 0.0359067084632441
"1999-10-01" -0.0138441257780044 0.0234204122793982 -0.0230860200341827
"1999-11-01" -0.00164317040670103 -0.0819946550550548 0.0557419830082353
"1999-12-01" 0.00787989207945117 -0.0275933217048001 0.0238106486937184
"2000-01-01" 0.00752493149098088 -0.0570260365645212 0.0327898228229908
"2000-02-01" -0.0838457214756165 -0.0158853900730149 0.0517675652050722
"2000-03-01" -0.0305512353338699 -0.0682426803625422 0.00896866998276047
"2000-04-01" 0.0719971881424692 -0.022105322664415 0.0159436503971362
"2000-05-01" -0.0218448630414942 -0.00671100710981887 -0.00352113039857893
"2000-06-01" 0.00626232388386727 0.0763514255467759 -0.0195910094771699
"2000-07-01" -0.0400496287554242 -0.0946231318714437 0.0542565255775143
"2000-08-01" -0.0534817949803004 -0.0309522316426256 0.0318551662412179
"2000-09-01" 0.052599091730706 -0.0154624844942641 0.00329489589685261
"2000-10-01" -0.0456152131752294 -0.0224287188606136 -0.0115799474309595
"2000-11-01" -0.0367800566213379 -0.00903228293567415 0.0262740893701803
"2000-12-01" -0.0562092764312281 0.0344006896097833 -0.0212948259705730
"2001-01-01" 0.0368527316995053 0.0311051091399472 -0.0614527792136637
"2001-02-01" 0.225901404324405 0.166255707673283 -0.157972527783668
"2001-03-01" -0.0698213646139012 -0.00291211729627094 -0.0314161962333788
"2001-04-01" 0.0445155248280904 0.145382268614874 -0.124454174473406
"2001-05-01" 0.185524785974225 0.101874499640271 -0.0854791451039973
"2001-06-01" 0.0689359729784171 0.0850246113935538 -0.0735024619929265
"2001-07-01" -0.0248144296806234 -0.0231552352059701 0.005633817718256
"2001-08-01" 0.0202467860776765 0.0635517806220762 -0.0372002836860905
"2001-09-01" -0.0500739050031664 0.0916613397346224 -0.0206192872027358
"2001-10-01" 0.292041336688364 0.328833326097491 -0.379031851040009
"2001-11-01" 0.177699041009248 0.123046706682761 -0.134774400864120
"2001-12-01" 0.185628592392502 0.147872801213967 -0.144249608844547
"2002-01-01" 0.0449423177951431 0.0440163764613211 -0.0232568621642673
"2002-02-01" -0.040219584292396 0.0385605856940494 0.0116960397631913
"2002-03-01" -0.00879092684124416 -0.00208017163434981 0.0172914971100609
"2002-04-01" 0.00725907578100848 0.0166126155789819 0.0056980211146378
"2002-05-01" -0.0308344887003517 0.0809767758750485 -0.0229895182246987
"2002-06-01" -0.0430503589312856 -0.0251137055241468 0
"2002-07-01" -0.04819577768185 -0.0209284009075199 -0.0235304974101942
"2002-08-01" -0.066602407553272 0.0504979835557129 -0.0240975515790605
"2002-09-01" 0.0109280448580714 0.0490011904044062 -0.0184620628397353
"2002-10-01" 0.00308437373028264 0.0204623785262639 -0.0379792480652164
"2002-11-01" 0.162469057732226 0.108544257927424 -0.101782694309942
"2002-12-01" 0.182434744615323 0.217505365140630 -0.145851877012563
"2003-01-01" -0.0109985796906447 0.0863890526956794 -0.0166670524852117
"2003-02-01" -0.0208823191235644 -0.0219111841442753 -0.0341913647482794
"2003-03-01" -0.0473420654474692 -0.054179905838783 0.0172418064345061
"2003-04-01" 0.0896527985758074 0.067351713939754 -0.0616935690053398
"2003-05-01" 0.0835295770204921 0.088993701535851 -0.0183491386681965
"2003-06-01" 0.0355055348139298 -0.0618957417686 0.0183491386681965
"2003-07-01" 0.250290872536796 0.25954678812026 -0.234572247137833
"2003-08-01" -0.0580919580702809 0.00123097289949937 0.0558804583944566
"2003-09-01" 0.00971305025203315 0.000392277737665342 0.0320883145515004
"2003-10-01" 0.0393216828854316 0.0384968736723727 -0.0430173850836907
"2003-11-01" 0.0283588768504406 0.0199171170822292 0.0109290705321903
"2003-12-01" 0.0324057462548096 0.068333453434345 -0.0219789067187753
"2004-01-01" 0.0352189157935880 -0.0428462108278813 0
"2004-02-01" 0.0238719920777637 -0.0098040000966204 0
"2004-03-01" -0.0254069931729814 0.0245051940753314 0.0434851119397388
"2004-04-01" 0.000702532048666119 -0.0652262826038478 -0.0215062052209635
"2004-05-01" -0.0556106606831561 -0.0304072422881110 0.0425596144187958
"2004-06-01" -0.123685249372499 -0.120536199531229 0.126999690761308
"2004-07-01" -0.0892642614816388 -0.107322838759392 0.0961438605529022
"2004-08-01" -0.195321702161156 -0.135655694957683 0.175352887477861
"2004-09-01" -0.0812222858886114 -0.0601641741643966 0.0805804866593394
"2004-10-01" -0.0456870108130346 -0.0450237814914237 0.0685626714372966
"2004-11-01" -0.125329502224575 -0.0610618863229474 0.124454174473406
"2004-12-01" -0.0910203436153426 -0.183505737725134 0.143455390710510
"2005-01-01" -0.0047807086086421 -0.0450938827551982 0.0137301928119021
"2005-02-01" -0.122299993363231 -0.0806847115567615 0.111703989580001
"2005-03-01" -0.0718780843354191 -0.107805534431411 0.0893798436694763
"2005-04-01" -0.0462231946206506 0.00423922916346164 0.0147604155831207
"2005-05-01" -0.041651299322673 -0.0824368688390151 0.0324352757531539
"2005-06-01" 0.00247330883570207 0.0217934655983543 0.031416196233379
"2005-07-01" -0.0665104010775284 -0.0787230926675047 0.0600180097262528
"2005-08-01" -0.0500930086265226 -0.0739118733977606 0.0837698830654587
"2005-09-01" -0.0141728122252032 0.0853370911045592 0.00297177038915764
"2005-10-01" -0.0279452012687309 -0.0374161719742827 0.0321195494221125
"2005-11-01" -0.123343610904287 -0.0520920247487116 0.103634889690357
"2005-12-01" 0.0450243325808017 0.0292378425334201 0.00516797015844261
