 price   lot floor bath golf lake pool 
 45000 12866  2047  1.5    0    0    0
 49000 16800  1748  2.0    0    0    0
 45500 12700  2029  2.0    0    0    0
 59900 14000  2250  2.5    0    0    0
 51500 13800  2124  2.5    0    0    0
 49900 11875  1834  2.0    0    0    0
 66000 12900  2780  2.5    0    0    0
 35500 12600  1300  2.0    0    0    0
 56500 20618  1820  2.0    0    0    0
 73000 12700  2486  2.5    0    0    0
 68900 10200  2515  2.5    0    0    0
 68800 18900  2392  2.0    0    0    0
 64500 13200  2200  2.5    0    0    0
 55900 10200  2050  2.0    0    1    0
 56250 13500  1600  2.0    0    0    0
 90000 15600  3500  2.5    1    0    0
 71500 17120  2000  2.5    0    0    0
120000 14400  4000  3.5    0    0    0
 68000 15900  2564  2.5    0    0    0
 74900 10200  2515  2.5    0    0    0
100000 16335  3800  3.5    0    0    1
 57500 12240  1854  2.0    0    0    0
 48900 11875  1586  2.0    0    0    0
 47900 12125  1520  2.0    0    0    0
 75900  8800  2200  3.5    0    1    0
 89000 12500  2900  3.0    0    1    0
 90000 15600  3500  2.5    1    0    0
 62500 13500  2064  2.5    0    0    0
 79850 14250  2600  3.5    0    0    0
 55000 11250  2036  2.5    0    0    0
 85000 13600  2140  3.5    1    0    0
106000 13410  3000  3.0    1    0    0
 48750 17020  1600  2.0    0    0    0
109000 14900  3280  2.5    1    0    0
 68000 13800  2559  2.5    0    0    0
 62500  9270  1860  2.0    0    0    0
 57500  9400  1918  2.0    0    0    0
 56900 12825  1750  2.5    0    0    0
 73000 18225  2735  2.5    0    0    0
 99500 12635  2400  2.5    1    0    0
 74500 23265  2194  2.5    0    0    0
 90000 21000  4300  4.5    0    1    0
 72900 12750  2700  2.5    0    0    0
 63900 11250  1996  2.5    0    0    0
 89700 12100  2650  3.0    0    1    0
 47000  9801  1580  2.0    0    0    0
 52200 13400  1874  2.0    0    0    0
 45000 16505  1520  2.0    0    0    0
 43000 14204  1560  2.0    0    0    0
 45900 15571  1776  2.0    0    0    0
 47000 14751  1526  2.0    0    0    0
 67900 15481  2650  2.5    0    0    0
 53500 16400  2450  2.0    0    0    0
 59900 13100  2335  3.0    0    0    0
 52950 15755  1900  2.0    0    0    0
 43000 10500  1750  2.0    0    0    0
 42500 13795  1349  2.0    0    0    0
 47500 13795  1658  2.0    0    0    0
 75500  9150  2450  2.0    0    1    0
 74000  8800  2610  2.5    0    1    0
133700 16800  4000  2.5    1    0    0
125000 13600  3008  3.5    1    0    0
 95000 14600  2249  2.0    1    0    0
 69500 11790  2008  2.5    0    0    0
 98000 13000  2772  2.5    0    0    0
146000 15100  4700  4.0    1    0    1
 78900 16166  4922  3.0    0    0    0
 42500 13795  1272  2.0    0    0    0
 47500 13795  1586  2.0    0    0    0
 52900 14935  1688  2.0    0    0    0
 45500 13795  1520  2.0    0    0    0
 46500 18900  1550  2.0    0    0    0
 56900 16400  1992  2.5    0    0    0
 47900 14200  1740  2.5    0    0    0
 64500 15232  2240  2.5    0    0    0
174900 15600  3500  2.5    1    0    1
 80000 11000  1950  2.0    0    1    0
 49900 14850  1564  2.0    0    0    0
 74500 11790  2200  2.5    0    0    0
 95000 18699  2500  2.5    1    0    0
108000 17600  2644  2.5    0    0    0
 67500 10200  2600  3.0    0    0    0
 73500 14050  2455  2.5    0    0    0
 95000 15500  2300  2.5    0    0    1
120000  9545  4000  3.0    0    1    0
110750 14850  4000  3.0    0    0    0
 54500 13700  2050  2.5    0    0    0
 50900 13015  1512  2.0    0    0    0
 70000 17600  2100  2.5    0    0    0
 61300 12750  1900  2.5    0    0    0
 49900 15618  1745  2.0    0    0    0
 68000 16375  2500  3.0    0    0    0
 75000 16700  2260  2.5    0    0    0
110000 17200  2260  2.0    1    0    0
  75000 16500  2040  2.0    0    0    0
  71800 12000  1892  2.0    0    0    0
  89800 18900  2760  2.5    0    0    0
  65500 16440  2450  2.0    0    0    0
  67500 14935  2330  3.0    0    0    0
  71000 24960  2206  2.0    0    0    0
  69000 17200  2200  2.0    0    0    0
  72000  9120  2100  2.0    0    0    0
  66500 12870  1698  2.5    0    0    0
  68000 18400  1800  2.0    0    0    0
  52900 16800  1370  2.0    0    0    0
  74800 12100  2406  2.5    0    0    0
  93000 21780  1915  2.0    0    0    0
  98500 14000  2800  3.0    0    0    0
  87900 19000  2300  2.5    0    1    0
  80500  8800  2100  2.5    0    1    0
  88500 18900  2392  2.0    0    0    0
  82000  9200  1950  2.0    0    0    0
  79900 11200  2050  2.5    0    0    0
  82600 14784  2072  2.5    0    0    0
  97500 13500  2300  2.5    0    0    0
  61300 10192  1776  2.0    0    0    0
  56900 12600  1496  2.0    0    0    0
  78750 14352  2350  2.0    0    0    0
  68000 13800  1875  2.0    0    0    0
  69000  9234  1772  2.0    0    0    0
  87900  9200  2300  2.5    0    0    0
  59000 14400  1705  2.0    0    0    0
 100000 12630  2720  2.5    1    0    0
  79900 13700  1916  2.5    0    0    0
  56900 10600  1520  2.0    0    0    0
  89500  9120  2100  3.0    0    0    0
 120000  9600  3250  3.0    0    1    0
  62500 15618  1745  2.0    0    0    0
 101000 15900  2550  2.5    0    0    0
  85500 10000  2245  2.5    0    0    0
  85900 10000  2114  2.5    0    0    0
  92000  8800  1833  2.0    0    1    0
  79900 10000  1968  2.5    0    0    0
  81000 12000  2170  2.5    0    0    0
  75500 13770  2330  3.0    0    0    0
  80900 10465  1916  2.5    0    0    0
 122500 16100  2750  3.5    0    0    0
  89900 10000  2400  2.5    0    0    0
 147500 13500  2450  2.5    1    0    0
  76400 10000  2275  2.0    0    0    0
 106500 15960  2200  2.0    0    0    0
  89900 11500  2300  2.5    0    0    0
  71900 15600  2100  2.5    0    0    0
  66000 13795  1709  2.0    0    0    0
  75000 12750  1900  2.5    0    0    0
  80000 14200  1960  2.0    0    0    0
 130000 13000  2880  2.5    0    0    0
 105000 13500  2280  2.5    0    0    0
  86000 12750  2170  2.0    0    0    0
  83000 11875  1906  2.0    0    0    0
  70500 20300  1670  2.0    0    0    0
  73500 15582  2100  2.5    0    0    0
  92500 18800  2510  2.5    0    0    0
  67900 17050  1630  2.0    0    0    0
  88500  9170  2000  2.0    0    0    0
  95000 17500  2446  2.0    0    0    0
 132500 13410  2875  3.0    1    0    0
  80000 12250  2550  2.5    0    0    0
  64500 14600  1500  2.0    0    0    0
  68500 15813  1900  2.0    0    0    0
  77000 12150  1757  2.0    0    0    0
 125000 15500  2320  2.5    0    0    1
  79000  9180  1850  2.0    0    0    0
  80000 16800  1772  2.0    0    0    0
  79900  9200  2000  2.0    0    0    0
  76900 13600  2000  2.5    0    0    0
 128900 13700  3464  3.0    0    0    0
 121500 17900  2324  2.5    0    0    0
  57500 15750  1430  1.5    0    0    0
 210000 20250  4700  4.5    1    0    1
 175000  9545  3600  3.0    0    1    0
 134900 16400  2600  2.5    0    0    0
  82800 15400  1960  2.5    0    0    0
  89000 12000  1892  2.0    0    0    0
  99500  9200  2300  2.5    0    0    0
 122000 10200  2150  2.0    0    1    0
 124500 14050  2450  2.5    0    0    0
  67000 14600  1500  2.0    0    0    0
  72500 15750  1864  2.0    0    0    0
  90000 13800  2250  2.5    0    0    0
 160000 16875  4100  3.0    0    0    0
 124900 15600  2300  2.5    0    0    0
 157500 15984  2384  2.5    0    0    0
  85000 14260  2059  3.0    0    0    0
 139900 16400  2600  2.5    0    0    0
 135000  9350  2440  3.0    0    0    0
  93000 11937  2300  2.5    0    0    0
  88000  9120  2100  3.0    0    0    0
 130000  8800  2800  3.5    0    0    0
  66000 16440  2400  2.0    0    0    0
 156750 12150  3600  2.5    0    0    0
  85000 13053  2550  3.0    0    0    0
  95000 16660  3000  2.5    0    0    0
  93000 12240  2000  2.0    0    0    0
 125000 38338  2860  2.5    0    0    0
  92500 15600  2100  2.5    0    0    0
  78000 14595  2335  3.0    0    0    0
  87000 14349  2350  2.0    0    0    0
  84000 14070  2230  2.0    0    1    0
  95000 10000  2338  2.0    0    0    0
  96000  9200  2000  2.0    0    0    0
  60900 12600  1750  2.0    0    0    0
  80000 11000  2600  3.0    0    0    0
  76500 14025  2430  3.0    0    0    0
 139900 13440  2250  2.5    0    1    0
 172000 15952  4000  4.0    1    0    0
  89000 17163  1850  2.0    0    0    0
 137900 19800  2230  2.5    0    0    0
  90000 12537  2100  2.5    0    1    0
  65000 16510  1500  2.0    0    0    0
  88500 17875  2400  2.5    0    0    0
  84000 15475  1917  2.5    0    0    0
  85900 11875  1901  2.0    0    0    0
  93250  9270  2060  2.0    0    0    0
  61000 15120  1329  2.0    0    0    0
 130000 15450  2076  3.5    1    0    0
 164200 12400  2300  2.5    0    0    1
  77600 13063  2460  2.5    0    0    0
  65000 13067  1575  2.0    0    0    0
 178500 15200  3400  2.5    0    0    0
  94000 11875  2053  2.5    0    0    0
  77500 15618  2105  2.5    0    0    0
  93000 12780  1698  2.5    0    0    0
 160000 16845  2318  2.5    1    0    0
 135000 15760  2510  2.5    0    0    0
 174000 16875  4100  2.5    0    0    0
 160000 13500  2750  2.5    0    0    0
 105000 14153  2300  2.5    0    0    0
 125000 12820  2720  2.5    0    0    0
