   dur cens   sp   rc  ed ben  wage    a1   a2   a3     a4 lapse
   13    1    1    1   12 4.46 4.81    0    0     0     1     0
   22    1    0    1   12 4.88 5.70    0    1     0     0     0
    1    1    1    1   12 4.88 5.41    0    1     0     0     0
    6    1    0    1   16 4.70 5.21    0    1     0     0     0
    9    1    0    1   16 4.96 5.29    0    1     0     0     0
   24    1    1    0    5 4.61 4.89    0    0     0     1     0
    3    1    1    1   14 4.99 5.44    1    0     0     0     0
   12    1    1    1   12 4.58 5.37    0    0     1     0     0
    8    1    1    1   13 4.69 5.08    0    1     0     0     0
   18    1    1    0    4 3.85 3.97    0    0     0     0     0
    1    1    0    1   12 4.42 4.66    1    0     0     0     0
   15    1    1    1   12 4.52 4.91    0    1     0     0     0
   20    1    1    1   16 4.55 5.14    0    0     1     0     0
    5    1    1    0   10 4.28 4.68    0    1     0     0     0
   25    1    1    1   11 4.99 5.56    0    1     0     0     0
    1    1    1    1   12 4.71 5.01    1    0     0     0     0
    7    1    0    1   12 4.52 5.08    0    1     0     0     0
    7    1    1    1   10 4.99 5.41    0    0     1     0     0
   12    0    1    0    0 5.02 5.09    0    0     0     1     0
    1    1    1    0   12 4.61 5.14    0    0     0     1     0
   26    1    1    1   12 4.90 5.09    0    1     0     0     0
   23    1    1    1   14 4.59 4.89    0    1     0     0     0
   12    1    0    1   12 4.35 4.55    1    0     0     0     0
   26    0    0    0   10 4.52 5.29    0    1     0     0     0
    6    1    1    1   14 4.99 5.78    1    0     0     0     0
    7    1    1    0   12 4.61 4.99    0    0     1     0     0
   35    1    1    0   12 4.55 5.50    0    1     0     0     0
    1    1    0    0    7 4.46 5.16    0    0     0     1     0
   38    0    1    1   12 4.83 5.40    0    1     0     0     0
    4    1    1    1   12 4.52 5.70    0    1     0     0     0
   24    0    1    1   17 4.83 5.05    0    0     1     0     0
    5    1    0    1   11 4.71 4.82    0    1     0     0     0
   28    1    1    1   11 4.99 5.82    0    0     0     1     0
    1    1    1    1   14 5.00 5.83    0    1     0     0     0
    8    1    1    1   12 4.60 4.97    1    0     0     0     0
    6    1    0    1   13 4.46 4.70    1    0     0     0     0
    1    1    1    1   10 4.51 4.81    0    0     0     1     0
    3    1    1    1   10 3.79 3.96    0    1     0     0     0
    7    0    0    1   12 4.35 4.42    0    1     0     0     0
    7    0    1    0   12 4.41 4.55    0    1     0     0     0
    8    1    1    1   13 4.47 4.84    1    0     0     0     0
   18    0    1    1    8 4.98 5.08    0    0     0     0     0
    3    1    1    1   11 4.58 5.17    0    0     0     0     0
   16    0    1    1   16 5.04 5.80    0    0     0     1     0
    3    1    1    1   12 5.00 5.34    0    1     0     0     0
    4    1    1    1    8 4.47 4.81    0    0     0     0     0
   15    1    1    1   16 4.61 6.01    0    1     0     0     0
   15    1    1    1   12 4.81 4.89    0    1     0     0     0
   16    0    1    1   12 3.95 4.01    1    0     0     0     0
   17    1    1    0   11 4.12 4.55    0    1     0     0     0
    5    1    0    1   11 4.79 5.20    1    0     0     0     0
    8    1    1    1   11 4.52 5.12    0    0     0     1     0
    8    1    1    1   12 4.28 5.01    0    1     0     0     0
   10    1    1    1   11 4.88 5.70    0    1     0     0     0
    8    1    0    1   12 4.46 4.91    1    0     0     0     0
   32    1    0    1   15 4.69 5.09    0    1     0     0     0
   26    1    0    1   12 3.90 4.47    1    0     0     0     0
   19    1    0    1   10 4.88 5.26    0    0     0     1     0
    4    1    1    1   12 5.00 5.24    0    1     0     0     0
   25    1    0    0   12 4.46 4.83    0    1     0     0     0
    3    1    1    0   12 4.58 5.21    0    0     1     0     0
   15    1    1    1   12 4.87 5.32    1    0     0     0     0
   14    1    0    1   10 4.87 5.34    0    0     1     0     0
   25    0    0    1   13 4.90 5.49    0    1     0     0     0
   26    0    1    1   15 4.28 5.67    0    0     0     0     0
   14    1    1    1   10 4.96 5.23    0    0     0     1     0
   15    1    1    1   13 4.27 4.51    0    1     0     0     0
   11    1    1    1    8 3.61 3.95    0    0     0     0     0
    2    1    0    1   14 4.51 4.77    1    0     0     0     0
    4    1    1    1   14 4.92 5.19    0    1     0     0     0
   12    1    0    1   12 4.88 5.23    0    1     0     0     0
    7    1    1    1   16 4.52 5.37    0    1     0     0     0
    8    1    1    1   12 4.52 5.60    0    0     1     0     0
    1    1    1    1   14 4.94 5.20    0    0     1     0     0
   38    1    1    1   11 4.38 4.85    0    1     0     0     0
    1    1    1    1    6 4.52 5.29    0    0     0     1     0
   38    1    1    1   12 4.99 5.48    0    0     0     0     0
   12    0    1    1   12 4.81 5.22    0    1     0     0     0
   15    0    1    1   13 4.81 4.86    0    1     0     0     0
    9    1    0    0    8 4.59 4.97    0    1     0     0     0
    3    1    0    1   12 4.55 4.98    0    0     0     1     0
    2    1    1    0    6 4.54 4.77    0    0     0     0     0
   26    0    1    1   14 4.61 5.09    0    1     0     0     0
   26    0    0    1   12 4.41 4.78    0    1     0     0     0
   28    1    1    1   12 4.90 5.03    0    1     0     0     0
    7    1    0    0   17 4.61 5.47    0    0     0     1     0
   28    0    1    1    7 4.99 5.29    0    1     0     0     0
   13    0    1    1   12 4.53 5.11    0    0     1     0     0
   27    1    1    1    7 4.61 4.91    0    1     0     0     0
    3    1    1    1   12 4.87 5.36    0    1     0     0     0
    9    1    1    1   12 5.00 5.63    0    1     0     0     0
    5    1    0    1   12 4.74 5.18    0    1     0     0     0
   16    1    1    1   10 4.61 5.26    0    0     1     0     0
   28    1    0    1   14 4.89 5.48    0    0     0     1     0
   25    1    1    1   12 4.61 5.09    0    0     0     1     0
    2    1    0    1   12 4.89 5.20    1    0     0     0     0
    5    1    1    1    8 4.37 4.94    0    0     0     1     0
   33    1    0    1   14 4.61 5.10    1    0     0     0     0
    1    1    1    1   12 4.28 5.10    0    0     0     1     0
    6    1    0    1   16 4.28 5.07    0    1     0     0     0
   14    1    1    1   14 4.63 5.41    0    0     1     0     0
   26    0    1    1   12 4.61 4.94    0    1     0     0     0
    3    1    0    1   12 4.45 4.79    0    1     0     0     0
   12    0    1    0   17 4.81 4.90    0    1     0     0     0
   18    0    1    1   12 4.52 4.68    0    0     1     0     0
    1    1    1    0   11 4.28 5.25    0    1     0     0     0
    8    1    0    0   12 4.46 4.82    0    0     1     0     0
   39    0    0    1   12 4.96 5.52    1    0     0     0     0
   12    1    1    1   12 4.83 4.91    0    0     1     0     0
    6    0    1    0   10 4.18 4.46    1    0     0     0     0
   14    1    1    1   12 4.99 5.58    0    0     1     0     0
    3    1    1    1   12 4.16 4.56    0    1     0     0     0
   20    1    0    1   12 4.79 5.23    1    0     0     0     0
    4    1    1    1    7 4.52 5.52    0    0     1     0     0
    1    1    1    1   14 4.41 4.66    0    1     0     0     0
    5    1    1    1   12 4.61 4.74    0    0     0     1     0
    3    1    0    1   12 4.54 4.93    0    1     0     0     0
    3    1    1    1   13 4.52 5.45    0    0     1     0     0
    3    1    1    1   12 4.80 5.14    0    0     1     0     0
    1    1    1    1    6 4.47 4.57    0    0     0     0     0
   14    0    1    0   16 4.34 4.41    0    1     0     0     0
   10    0    0    0    0 4.37 5.22    0    1     0     0     0
   14    1    1    1   11 4.41 4.69    0    0     0     0     0
   12    1    0    0    8 4.52 4.69    0    0     1     0     0
    7    1    1    1   12 4.52 5.13    0    1     0     0     0
    6    1    1    1    0 4.43 5.45    0    1     0     0     0
   12    1    1    0    7 4.21 4.59    0    0     1     0     0
   26    1    0    1   12 4.79 5.20    0    1     0     0     0
    5    1    1    1   11 4.52 5.35    0    0     0     1     0
   12    1    1    1   12 4.54 5.16    0    0     1     0     0
   15    1    0    1   11 3.76 3.91    1    0     0     0     0
   19    1    1    1   12 4.71 5.14    0    0     0     1     0
   34    0    1    1   12 3.69 4.16    0    0     0     0     0
    7    1    1    1   12 4.47 4.70    1    0     0     0     0
   16    1    0    1   13 4.01 4.55    1    0     0     0     0
   16    1    1    1   12 4.49 4.73    1    0     0     0     0
   14    1    1    1   11 4.80 4.93    1    0     0     0     0
   24    1    1    1   12 5.00 5.82    0    1     0     0     0
    5    1    1    1   12 5.08 5.33    0    0     1     0     0
    6    1    1    1   12 5.00 5.63    0    1     0     0     0
    7    1    1    1   16 5.00 5.22    0    1     0     0     0
    2    0    1    1   15 4.44 5.25    0    1     0     0     0
    3    1    1    1   12 4.52 5.16    0    1     0     0     0
   10    1    1    1   12 4.89 5.35    0    0     1     0     0
    2    1    1    1    8 4.46 5.25    0    0     1     0     0
   17    1    1    1   10 4.52 4.74    1    0     0     0     0
   18    1    0    1   12 4.81 5.11    0    1     0     0     0
    1    1    1    1   10 4.52 5.43    0    0     0     1     0
   26    0    1    1   16 4.52 5.44    0    1     0     0     0
    7    0    0    1   12 4.90 5.05    0    0     1     0     0
   12    1    1    1   12 4.87 5.45    0    1     0     0     0
   21    1    1    1   12 4.39 4.78    1    0     0     0     0
   15    1    1    0   10 4.66 4.80    0    0     1     0     0
   17    1    1    0    8 4.40 4.78    0    0     1     0     0
    5    1    1    1    8 4.00 4.24    1    0     0     0     0
   10    0    1    0   10 4.66 5.33    0    1     0     0     0
   12    1    0    1   12 4.61 5.12    0    0     1     0     0
   21    1    0    0    7 4.11 4.44    0    0     0     0     0
   38    0    1    0   10 4.92 5.61    0    1     0     0     0
   26    0    1    0   10 3.41 3.72    0    0     1     0     0
    2    0    0    1   12 4.81 5.40    0    0     1     0     0
    1    1    1    1   12 4.49 4.93    0    1     0     0     0
   18    1    0    0   12 4.37 4.89    0    1     0     0     0
    2    1    0    1   13 4.69 4.93    1    0     0     0     0
    3    1    1    1   14 4.63 4.93    0    1     0     0     0
   16    1    1    1    8 4.55 4.91    0    0     1     0     0
   30    1    1    1   14 5.00 5.27    0    0     1     0     0
    7    0    0    1   12 4.81 5.19    1    0     0     0     0
   27    1    1    1   10 4.90 5.18    0    0     0     1     0
   17    1    0    1   16 4.61 5.18    0    0     1     0     0
    2    1    0    1   12 4.25 4.66    0    1     0     0     0
    2    1    1    1   14 4.59 5.87    0    1     0     0     0
    4    0    1    1    7 4.39 4.77    0    0     0     1     0
   16    1    1    1    8 4.43 5.33    0    0     1     0     0
   14    1    1    1   14 4.73 4.81    0    1     0     0     0
    6    1    1    1    8 4.96 5.61    0    0     0     1     0
    1    1    1    1   12 5.08 5.57    0    1     0     0     0
    8    1    1    1   15 4.87 5.07    0    1     0     0     0
   11    1    1    1    4 4.37 4.88    0    0     0     0     0
   25    0    1    1   14 4.83 5.27    0    1     0     0     0
   12    1    1    1   10 4.89 5.35    0    0     1     0     0
    8    1    1    1   12 4.61 5.41    0    0     1     0     0
   14    0    0    0   12 4.39 4.46    0    0     1     0     0
   26    0    0    1   17 4.28 4.64    1    0     0     0     0
   13    1    1    1   10 4.79 5.17    0    1     0     0     0
    6    1    1    1   12 4.52 5.14    0    1     0     0     0
    4    1    0    1   12 4.28 5.09    0    1     0     0     0
    3    0    1    1   12 4.70 5.40    0    0     1     0     0
   28    0    1    1   12 5.04 5.44    0    0     1     0     0
    3    1    0    0   12 4.80 5.34    0    1     0     0     0
    3    1    0    1   13 4.37 4.71    1    0     0     0     0
    1    1    1    1   13 4.96 5.06    0    0     1     0     0
   22    1    1    0   10 4.37 5.06    0    0     1     0     0
   25    1    1    1   12 4.42 4.79    0    1     0     0     0
   11    0    0    1   12 4.70 5.55    0    1     0     0     0
    3    1    1    1   12 4.87 5.20    0    1     0     0     0
    5    1    1    1   11 4.79 5.56    0    0     0     1     0
    5    1    1    0    0 4.52 5.32    0    1     0     0     0
   18    1    1    0   10 4.95 5.18    0    1     0     0     0
    8    1    0    1   12 4.40 4.65    0    1     0     0     0
   39    0    1    1    1 5.00 5.27    0    0     0     1     0
   22    0    1    1   11 5.04 5.45    1    0     0     0     0
    9    1    1    1   10 4.31 4.57    0    0     0     0     0
    3    1    0    1    8 4.70 4.99    0    0     1     0     0
    5    1    1    1   13 4.43 5.27    1    0     0     0     0
    8    1    0    1   16 4.37 5.13    0    0     1     0     0
   20    1    1    1   12 4.96 5.30    0    1     0     0     0
   10    1    0    1   16 4.92 5.16    0    0     0     1     0
   26    0    1    1   12 4.28 4.96    0    1     0     0     0
   18    1    1    1   12 4.87 5.50    0    0     0     1     0
    2    1    1    1   12 5.00 5.47    0    0     0     1     0
    1    1    1    1   17 4.58 5.76    0    0     0     1     0
   29    1    1    1   12 4.87 5.35    0    1     0     0     0
    1    1    0    0   10 4.46 4.91    0    0     1     0     0
    8    0    1    1   12 4.34 4.43    0    0     0     1     0
   36    1    1    0    5 4.29 4.69    0    0     0     1     0
   11    1    1    0   12 4.58 5.16    0    0     1     0     0
   15    1    1    1   12 4.77 5.15    0    1     0     0     0
    8    0    1    1   12 5.02 5.16    0    1     0     0     0
   11    1    1    1   14 4.87 5.58    0    1     0     0     0
   36    0    0    0    2 4.54 4.98    0    0     0     1     0
   23    1    0    0   11 4.18 4.38    0    0     1     0     0
    2    1    1    1   12 4.43 4.57    0    1     0     0     0
    7    1    1    1   12 4.73 4.92    0    1     0     0     0
   21    1    1    1   12 4.59 5.65    0    0     0     0     0
    2    1    1    1   12 5.00 5.89    0    0     0     1     0
    3    1    0    1   15 4.92 5.10    1    0     0     0     0
   16    1    0    1   12 4.93 5.03    0    0     0     1     0
    2    1    1    1   12 4.96 5.95    0    0     1     0     0
   23    1    1    1   12 4.54 4.92    0    0     0     0     0
   11    0    1    1   10 4.29 4.45    0    0     0     0     0
   14    1    0    1   12 4.60 4.93    0    1     0     0     0
   31    0    1    1   12 4.99 5.28    0    1     0     0     0
   12    1    1    1   12 4.79 5.18    0    1     0     0     0
   20    1    0    1   11 4.96 5.60    0    0     0     1     0
    6    1    0    1   11 4.88 4.98    1    0     0     0     0
   39    0    0    1   12 3.89 4.21    0    1     0     0     0
   20    1    1    1   12 4.87 5.22    0    0     1     0     0
   27    1    1    1   12 4.99 5.49    0    0     1     0     0
    4    1    0    1   12 4.87 5.46    0    1     0     0     0
   20    1    1    1   12 4.83 5.01    0    1     0     0     0
   26    0    1    1   10 4.58 4.76    0    0     0     1     0
   21    1    1    1   13 4.87 5.32    1    0     0     0     0
    6    1    1    1    7 4.46 4.72    0    0     1     0     0
    8    1    1    1   12 4.72 4.94    0    0     1     0     0
   13    0    1    1   11 4.22 4.25    0    1     0     0     0
    9    1    1    1   12 4.52 5.30    0    0     0     1     0
    4    1    0    1   12 4.52 5.02    0    0     1     0     0
   39    0    1    1   12 4.82 5.21    0    1     0     0     0
   26    0    1    0   12 4.34 4.69    0    1     0     0     0
    7    1    1    1   12 4.99 5.93    0    0     1     0     0
    8    1    1    1   12 4.49 4.68    1    0     0     0     0
   22    1    0    1   12 4.41 4.75    1    0     0     0     0
   18    1    1    0   11 4.35 4.86    0    0     1     0     0
    5    1    1    1   12 4.49 4.92    0    0     1     0     0
   32    1    0    1   10 4.79 5.21    1    0     0     0     0
    4    1    0    1   12 4.70 5.07    1    0     0     0     0
    7    1    1    1   12 4.52 4.62    1    0     0     0     0
   24    0    0    0   12 3.67 3.82    1    0     0     0     0
   16    1    0    0   12 4.84 4.99    0    1     0     0     0
   18    1    1    1   11 4.87 5.61    0    0     1     0     0
    1    1    1    1   12 4.73 5.09    0    1     0     0     0
    7    1    0    0   12 4.61 5.14    1    0     0     0     0
   28    0    1    0   12 4.99 5.28    0    0     0     1     0
    2    1    0    1   12 4.46 4.91    0    1     0     0     0
   11    1    1    1   12 4.65 4.77    0    1     0     0     0
   14    0    0    1   12 4.81 5.02    0    1     0     0     0
   14    1    0    0   15 4.66 4.93    0    1     0     0     0
   21    1    1    0   14 4.99 5.42    0    1     0     0     0
   13    1    1    1   12 4.54 5.21    0    0     0     0     0
    3    1    0    1   12 4.77 5.07    0    0     0     0     0
    8    1    0    0   11 3.90 4.21    0    1     0     0     0
   39    0    1    0   12 4.58 5.52    0    0     1     0     0
   23    0    1    1   16 4.73 4.99    0    0     1     0     0
   23    1    0    1   13 4.67 4.79    0    0     1     0     0
   10    1    1    0    3 4.88 5.17    0    0     0     0     0
    9    0    1    1   11 4.44 4.96    0    0     0     1     0
   25    1    0    1   12 4.61 4.97    0    1     0     0     0
    6    0    0    0   12 3.00 3.32    0    1     0     0     0
   34    1    1    1   15 4.87 5.51    0    0     1     0     0
   12    1    1    1   12 4.91 5.05    0    1     0     0     0
   11    0    1    1   12 4.66 5.16    0    1     0     0     0
    5    1    1    1    8 4.99 5.78    0    1     0     0     0
   26    1    1    1   12 4.29 4.61    0    1     0     0     0
   25    1    1    0   10 4.61 5.30    0    0     0     1     0
   11    1    1    1   10 4.46 5.30    0    0     0     0     0
   23    1    1    1   11 4.99 5.52    0    0     1     0     0
   14    1    1    1   12 4.99 5.10    1    0     0     0     0
   17    1    0    0   10 3.92 4.33    1    0     0     0     0
    2    1    1    1   12 4.99 5.88    0    0     1     0     0
    5    1    1    1   12 4.87 5.84    0    0     0     1     0
    6    0    1    1   16 4.90 5.28    0    0     0     1     0
    2    1    1    1   12 4.52 4.66    0    1     0     0     0
    3    1    1    1   12 4.52 5.70    0    0     0     0     0
    1    1    1    1   12 4.99 5.45    0    0     1     0     0
    7    1    1    1   11 4.87 5.30    0    0     0     0     0
    3    1    0    1   17 4.87 5.21    0    1     0     0     0
   28    0    1    1   12 4.54 4.91    0    0     0     1     0
   12    1    0    0   12 4.61 4.89    0    1     0     0     0
    6    1    1    1   10 4.98 5.24    0    0     1     0     0
    2    1    0    0   16 4.61 4.86    0    0     1     0     0
    3    1    0    0   12 3.67 3.79    1    0     0     0     0
    8    0    1    1   12 4.70 4.82    0    1     0     0     0
   17    0    1    1   12 4.96 5.02    0    0     1     0     0
   24    1    0    1   12 4.69 4.89    0    1     0     0     0
    4    1    1    1    7 4.49 4.95    0    0     0     0     0
   26    1    1    0   10 3.35 3.55    0    1     0     0     0
    7    1    0    1   12 4.45 4.64    1    0     0     0     0
   21    1    1    1   13 4.87 5.42    0    1     0     0     0
    2    1    1    1   12 4.87 5.24    0    0     0     1     0
    2    1    1    1   12 4.61 5.39    0    0     1     0     0
   14    1    1    1   12 4.79 5.30    0    0     0     1     0
   19    0    0    1   12 4.72 5.10    0    1     0     0     0
   26    0    1    0   11 4.87 5.30    0    1     0     0     0
    1    1    1    1   12 4.80 5.41    0    0     0     1     0
   28    0    1    1    3 4.34 4.49    0    0     0     1     0
   18    1    0    0   11 4.40 4.56    1    0     0     0     0
   21    1    0    1    8 4.98 5.19    0    1     0     0     0
    2    1    1    1   11 4.37 5.18    0    0     0     0     0
    8    0    0    1   12 4.60 4.72    1    0     0     0     0
    4    1    1    1   12 3.98 4.25    1    0     0     0     0
   29    1    0    0   12 4.15 4.51    0    1     0     0     0
    5    1    1    1   14 4.61 5.41    0    1     0     0     0
    5    1    1    1   10 4.73 4.88    0    0     0     1     0
    5    1    1    1    8 4.70 5.49    0    0     0     0     0
    4    1    1    1   11 4.47 4.68    0    1     0     0     0
   33    1    1    1   12 4.79 5.58    0    1     0     0     0
    6    1    1    1   12 4.52 5.10    0    1     0     0     0
   13    1    0    0   13 4.21 4.31    1    0     0     0     0
    8    1    0    1   12 4.46 4.72    0    1     0     0     0
   15    1    0    1   12 3.78 3.93    0    1     0     0     0
    4    1    1    1   17 4.61 5.15    0    1     0     0     0
   19    0    0    1   12 4.07 4.20    1    0     0     0     0
   18    0    0    1   12 4.72 5.01    0    0     1     0     0
   24    1    1    1   12 4.85 5.16    0    0     1     0     0
    1    1    1    1   12 4.81 5.03    0    1     0     0     0
   26    0    1    1   12 4.37 5.18    0    1     0     0     0
   37    0    0    1   14 4.65 4.87    1    0     0     0     0
   39    0    0    1   12 4.94 5.23    0    0     1     0     0
   16    1    1    1   12 4.71 5.02    1    0     0     0     0
    4    1    1    1   12 4.90 5.24    0    0     1     0     0
   12    1    1    1   10 4.61 5.07    0    0     1     0     0
   36    1    0    1   16 3.82 4.69    0    0     1     0     0
   14    1    1    1   12 4.61 5.33    0    1     0     0     0
    1    1    0    1   10 3.41 3.78    1    0     0     0     0
    8    0    0    1   10 4.20 4.45    0    1     0     0     0
   15    1    1    1   12 5.00 5.41    0    0     0     1     0
   16    1    0    1   13 4.54 5.19    0    1     0     0     0
   21    1    0    1   12 3.95 4.28    1    0     0     0     0
    5    1    0    1   14 4.52 4.80    1    0     0     0     0
    8    0    0    1   10 4.35 4.74    0    1     0     0     0
    5    1    1    1   12 4.28 5.45    0    1     0     0     0
   18    0    1    1   12 4.97 5.32    0    0     0     1     0
   13    1    1    1   12 4.37 5.36    0    0     1     0     0
    3    1    0    1   14 4.88 5.37    0    1     0     0     0
   11    1    1    1   12 4.99 5.58    0    0     0     1     0
   21    0    1    1   14 3.92 4.35    0    1     0     0     0
   22    1    0    1   12 4.97 5.28    0    0     0     1     0
    2    1    0    1   16 4.24 4.56    0    1     0     0     0
    4    1    1    1   12 4.49 4.90    0    0     0     1     0
   13    1    1    1   12 4.75 5.05    1    0     0     0     0
    2    1    1    1   12 4.58 5.60    0    1     0     0     0
    1    1    1    1   12 4.53 5.38    0    0     0     1     0
   16    1    0    1   12 4.61 5.17    0    0     0     0     0
   17    1    0    1   11 4.87 5.10    1    0     0     0     0
   24    1    1    0   12 4.61 5.31    0    0     0     0     0
    6    1    0    1   17 5.00 6.04    0    0     1     0     0
    8    1    1    0   12 4.87 5.15    0    1     0     0     0
   12    0    0    0   12 4.00 4.04    1    0     0     0     0
    5    1    1    1   12 4.49 4.89    0    1     0     0     0
   10    0    1    1   14 4.88 5.56    0    0     0     0     0
    3    1    1    1    8 4.70 5.18    0    0     1     0     0
   26    1    1    1   12 4.52 4.76    0    1     0     0     0
    3    1    1    1   12 4.87 5.37    0    0     0     0     0
   13    1    1    0   12 4.58 5.42    0    1     0     0     0
    1    1    0    1   12 4.61 4.82    0    0     1     0     0
   25    1    1    0   10 4.25 4.77    0    0     1     0     0
    5    1    1    1   10 5.08 5.42    0    0     0     1     0
   15    0    0    1   13 4.90 5.06    1    0     0     0     0
    3    1    1    0   12 4.29 4.73    0    1     0     0     0
    7    1    1    1    7 4.36 4.60    0    0     1     0     0
   12    1    1    0    4 4.61 5.27    0    0     1     0     0
   26    0    1    1   12 4.80 5.10    0    1     0     0     0
   36    1    0    1   12 4.47 4.65    0    0     1     0     0
    1    1    1    1   10 4.52 4.90    0    1     0     0     0
    2    1    1    1   16 4.37 5.39    0    1     0     0     0
    7    1    0    1    8 4.53 4.95    0    0     0     0     0
    8    0    0    1   12 4.29 4.46    1    0     0     0     0
    2    1    0    1   12 4.44 4.82    1    0     0     0     0
    6    0    1    1   12 4.97 5.68    0    1     0     0     0
    8    0    0    0   12 4.81 4.91    0    1     0     0     0
   19    1    1    1   15 4.79 5.37    0    1     0     0     0
   12    0    1    1   10 4.66 5.06    1    0     0     0     0
    5    1    1    1   12 4.55 5.08    0    0     0     0     0
    7    0    1    1    8 4.48 4.57    0    0     1     0     0
   20    0    1    1   14 4.83 4.97    0    1     0     0     0
   39    0    0    1   12 4.92 5.72    0    0     1     0     0
    6    1    1    1   13 4.57 4.93    0    1     0     0     0
   22    1    1    0   12 4.39 4.75    0    1     0     0     0
    4    1    1    1   10 4.99 5.44    0    0     0     1     0
    9    0    0    1   12 3.92 4.25    1    0     0     0     0
    6    1    1    0   14 5.04 5.53    0    0     1     0     0
   10    0    1    0   15 5.02 5.44    0    1     0     0     0
   39    0    1    1   12 4.92 5.50    0    1     0     0     0
    3    1    1    0   12 4.28 4.54    0    0     1     0     0
   15    1    1    1   13 4.52 5.21    0    1     0     0     0
   19    1    1    0   11 4.46 4.97    0    1     0     0     0
   20    1    0    1   12 4.96 5.51    0    1     0     0     0
   19    1    0    1   12 4.20 4.49    0    1     0     0     0
   24    0    1    1   12 4.74 4.88    0    0     1     0     0
   11    1    0    1   12 4.87 5.50    0    0     1     0     0
   11    1    0    1   16 4.17 4.39    0    1     0     0     0
   39    0    1    1   12 4.99 5.53    0    0     0     0     0
   11    1    0    1   10 4.23 4.49    1    0     0     0     0
    4    1    1    1   12 4.52 5.22    0    0     1     0     0
   31    1    1    0   12 5.00 5.59    0    0     0     0     0
    5    0    1    0   12 4.35 4.95    0    0     1     0     0
   39    0    1    1   14 5.00 5.44    0    0     0     1     0
    1    1    1    1   12 4.52 5.15    0    1     0     0     0
   14    0    1    0   12 4.57 4.99    0    1     0     0     0
   11    0    1    1   12 5.02 5.50    0    0     1     0     0
    6    0    1    1   14 4.44 6.09    0    0     1     0     0
   22    1    0    1   12 4.68 5.04    1    0     0     0     0
   15    1    1    0   10 4.11 4.67    0    0     0     1     0
   10    1    0    1   12 5.04 5.65    0    0     1     0     0
   16    1    1    1    5 4.99 5.50    0    0     0     1     0
   15    1    0    0   10 4.23 4.67    0    1     0     0     0
   26    0    1    0   10 4.38 4.76    0    0     1     0     0
   37    1    1    1   12 4.79 5.55    0    0     0     0     0
    8    0    0    1   12 4.64 4.88    1    0     0     0     0
   10    1    1    1   10 4.37 5.47    0    0     0     0     0
   18    0    0    1   12 5.04 5.14    1    0     0     0     0
    2    1    1    1    0 4.89 5.75    0    0     1     0     0
   17    1    0    0    8 4.88 5.20    0    1     0     0     0
   25    0    1    1   12 4.52 4.89    0    1     0     0     0
    1    1    1    0   17 4.58 4.97    0    0     1     0     0
   10    1    1    1    4 4.31 4.64    0    0     1     0     0
    1    1    0    1    6 4.87 5.20    0    0     0     1     0
   18    1    1    1   12 4.99 5.87    0    0     1     0     0
   11    1    1    1    8 4.68 4.94    0    0     1     0     0
   14    1    1    1   12 4.45 5.14    0    1     0     0     0
   13    1    1    1   12 4.52 4.84    0    1     0     0     0
   10    1    1    1   11 4.49 5.16    0    0     0     0     0
   11    0    0    1   16 4.88 5.08    0    1     0     0     0
   10    1    1    1   12 4.43 5.20    0    1     0     0     0
    6    0    1    1    8 4.53 4.71    0    0     0     1     0
    1    1    0    1   12 4.96 5.18    0    0     1     0     0
    1    1    1    1   12 4.96 5.82    0    0     0     1     0
   28    0    1    1   12 4.29 4.69    0    1     0     0     0
   21    1    1    0   12 4.28 4.74    1    0     0     0     0
   16    1    0    1   16 4.58 5.62    0    1     0     0     0
    2    0    0    1   12 4.72 4.77    0    1     0     0     0
    1    1    1    0   12 4.32 4.61    0    1     0     0     0
   26    0    0    0    2 4.10 4.38    0    0     0     1     0
   21    1    1    0   10 4.69 5.48    0    0     0     1     0
    5    0    1    1   12 4.70 5.28    1    0     0     0     0
    3    1    1    1   15 4.50 4.83    0    1     0     0     0
    6    0    1    0   11 4.35 4.98    0    0     0     1     0
   13    1    1    1    3 4.28 5.18    0    0     1     0     0
   15    1    0    1   12 4.13 4.39    1    0     0     0     0
   11    0    0    1   12 4.12 4.37    1    0     0     0     0
    1    1    1    1    7 4.44 4.54    0    0     0     1     0
   33    0    0    1   13 4.78 4.96    0    1     0     0     0
    2    1    0    1   16 4.44 4.53    0    1     0     0     0
    1    1    1    1    7 4.87 5.63    0    0     0     1     0
    6    0    1    1   11 5.00 5.18    0    0     1     0     0
   39    0    1    1   12 4.93 5.07    0    0     1     0     0
   15    1    1    1   14 4.79 5.14    0    1     0     0     0
    6    1    1    1   16 4.87 5.46    0    1     0     0     0
    6    1    0    1   12 4.03 4.20    0    1     0     0     0
   15    0    1    1   14 4.56 4.69    1    0     0     0     0
    2    1    1    1   12 4.46 4.77    0    0     1     0     0
    2    1    1    0   12 4.52 4.82    0    1     0     0     0
    1    1    1    1   12 4.99 5.86    0    0     1     0     0
   21    1    1    1   12 4.88 5.20    0    1     0     0     0
   30    0    0    0   12 4.54 4.94    0    1     0     0     0
   39    0    1    1   12 5.00 5.33    0    1     0     0     0
    7    1    0    0   11 3.78 4.20    1    0     0     0     0
   10    1    0    1   12 4.52 5.26    1    0     0     0     0
   35    0    1    1   14 4.90 5.39    0    1     0     0     0
    3    0    1    1   13 4.66 5.34    0    1     0     0     0
    3    1    0    1   16 4.81 5.08    0    1     0     0     0
    8    1    0    0   12 4.69 4.81    0    1     0     0     0
    6    1    0    1    4 4.12 4.45    0    0     0     0     0
   26    1    1    1   16 4.88 5.34    0    0     1     0     0
   11    1    1    0   10 4.80 5.08    0    1     0     0     0
   12    1    0    1    0 4.43 5.61    0    1     0     0     0
   13    1    1    1    8 4.89 5.20    0    0     0     1     0
   26    0    0    1   12 4.32 4.70    1    0     0     0     0
    6    1    1    1   12 4.52 5.04    1    0     0     0     0
    7    1    1    1   12 4.65 4.99    0    1     0     0     0
    4    1    1    1    7 4.55 4.73    1    0     0     0     0
    2    1    0    0    8 4.87 5.19    0    0     0     1     0
    4    1    1    1   12 4.37 5.26    0    1     0     0     0
    4    0    1    1   17 4.88 5.30    0    1     0     0     0
    3    1    0    1   12 4.85 4.96    0    0     1     0     0
   30    0    0    1   15 4.58 5.18    0    0     0     0     0
   30    0    1    1   12 4.99 5.48    0    0     0     0     0
   27    1    0    1   12 4.94 5.34    0    0     1     0     0
   26    1    1    0   12 4.58 5.87    0    0     0     1     0
