7601  0.22121
7602 -0.06203
7603 -0.06772
7604  0.17094
7605  0.06083
7606  0.04450
7607  0.01762
7608 -0.07143
7609 -0.00140
7610 -0.04684
7611  0.02703
7612  0.09493
7701 -0.11842
7702 -0.12189
7703  0.04725
7704 -0.05707
7705 -0.15850
7706  0.10164
7707  0.08125
7708  0.02312
7709  0.03017
7710 -0.17631
7711 -0.02341
7712  0.01027
7801 -0.01365
7802 -0.03114
7803  0.12143
7804  0.14744
7805  0.03352
7806  0.00000
7807  0.08696
7808 -0.02500
7809 -0.07436
7810 -0.06128
7811 -0.05341
7812  0.00752
7901 -0.00313
7902 -0.08805
7903  0.06690
7904  0.11401
7905  0.01754
7906  0.05575
7907 -0.03288
7908  0.10198
7909  0.07815
7910 -0.07914
7911  0.03385
7912  0.03728
8001  0.14914
8002 -0.04255
8003 -0.06711
8004 -0.08153
8005 -0.01044
8006  0.02322
8007  0.12727
8008  0.05069
8009  0.12018
8010  0.01969
8011  0.26834
8012 -0.10624
8101 -0.11644
8102 -0.02519
8103  0.15547
8104  0.07439
8105  0.10789
8106 -0.16395
8107 -0.06643
8108 -0.02809
8109  0.00617
8110  0.07900
8111 -0.07500
8112 -0.10193
8201  0.00433
8202 -0.09052
8203  0.09052
8204  0.08972
8205 -0.05622
8206  0.04936
8207  0.08163
8208  0.13585
8209 -0.05449
8210  0.18021
8211  0.06587
8212 -0.01798
8301  0.13793
8302  0.12626
8303 -0.04350
8304  0.01647
8305  0.05556
8306  0.19211
8307 -0.01292
8308 -0.02617
8309  0.07793
8310 -0.06429
8311  0.07634
8312 -0.03085
8401 -0.11376
8402 -0.03520
8403  0.01631
8404  0.02648
8405 -0.12900
8406 -0.04640
8407  0.06367
8408  0.22535
8409 -0.14862
8410 -0.05763
8411 -0.09712
8412  0.08080
8501  0.11111
8502 -0.07667
8503 -0.03509
8504 -0.08271
8505  0.07377
8506  0.04687
8507  0.06227
8508  0.00345
8509 -0.04715
8510 -0.09783
8511  0.13655
8512  0.10346
