pay     market.val   log.pay      val.decile
    421633      13.685   12.95189          1
    598616      16.623   13.30238          1
    604333      31.245   13.31188          1
    302250      38.022   12.61901          1
    217833       40.24   12.29148          1
    333554       42.34   12.71756          1
    653811       44.19   13.39057          1
   1492066      46.885   14.21567          1
   6207411      52.167   15.64125          1
    903625      52.542   13.71417          1
    373282      53.175   12.83009          1
    222748      53.699    12.3138          1
    403200      55.946   12.90719          1
    792802      56.668   13.58333          1
    801208      57.112   13.59388          1
    342209      57.698   12.74318          1
    751868       58.59   13.53032          1
    720077      61.505   13.48711          1
    421506      61.677   12.95159          1
    368537      63.244    12.8173          1
   1964153      70.044   14.49057          1
    709831      71.171   13.47278          1
   1426734      71.464    14.1709          1
    545409      72.739   13.20929          1
    940423      74.729   13.75408          1
    627606      75.589   13.34967          1
    460600      76.824   13.04029          1
   1102003      78.198   13.91264          1
    486525      79.715   13.09504          1
    611542      82.479   13.32374          1
   1181203      82.743   13.98204          1
    718931      83.455   13.48552          1
   2885415      83.662   14.87518          1
   1187500       86.94   13.98736          1
   1278483      88.253   14.06118          1
    697681      88.619   13.45552          1
    841277      89.746   13.64268          1
   1381570      90.711   14.13873          1
    421973      91.584    12.9527          1
    600325      91.624   13.30523          1
   1510956      91.943   14.22825          1
    325000      94.294   12.69158          1
  12011304      96.247   16.30136          1
   5658053       98.02   15.54859          1
    287850      98.085    12.5702          1
    565553      98.158   13.24556          1
    956870     100.324   13.77142          1
    292893     102.775   12.58756          1
    579558     104.012   13.27002          1
    907342     104.273   13.71828          1
    827666     104.313   13.62636          1
    507478     105.326   13.13721          1
    847938     107.089   13.65056          1
  11070856     109.375   16.21983          1
   1034375     109.548   13.84931          1
    648777     110.299   13.38284          1
   3733147     110.565   15.13276          1
   1223447      112.16   14.01718          1
    597042     112.966   13.29974          1
    946704     114.214   13.76074          1
    965581     114.551   13.78049          1
    505528      114.66   13.13336          1
    746647     118.116   13.52335          1
    731906     118.396   13.50341          1
    555911     119.238   13.22836          1
   1365978      119.72   14.12738          1
   1115379     119.882    13.9247          1
    277248     121.033   12.53267          1
    637681     121.274   13.36559          1
    364120     121.837   12.80524          1
   1097802     126.166   13.90882          1
    402673     126.595   12.90588          1
    535767     127.305   13.19145          1
   1005657      127.31   13.82115          1
    919970     128.311    13.7321          1
   1087040      129.97   13.89897          1
    985701     132.387   13.80111          1
    499755     133.398   13.12187          1
   1769133     133.429     14.386          1
    984028     133.877   13.79941          1
    810433     134.004   13.60532          1
    588637     136.141   13.28557          1
    972776     136.793   13.78791          1
   1831279     137.024   14.42053          1
    650526     137.849   13.38554          1
   1777170      139.13   14.39053          1
   1423310     139.689    14.1685          1
    616017     139.778   13.33103          1
    929224     139.851   13.74211          1
   2853249     141.503   14.86397          1
    746989     142.161   13.52381          1
    967892      149.06   13.78288          1
    605828     152.739   13.31435          1
   1068409      153.44   13.88168          1
   2072337     154.597   14.54419          1
    923569     154.705     13.736          1
   3285257     155.813   15.00496          1
    477424     155.985   13.07616          1
    611706     157.945   13.32401          1
    973032     158.204   13.78817          1
   1080732     158.878   13.89315          1
   4338468     159.334   15.28303          1
    204186     163.206   12.22679          1
   1010587     164.299   13.82604          1
    830850     165.064    13.6302          1
    745417       165.6    13.5217          1
   1770574      165.78   14.38681          1
    190355         167   12.15665          1
    707843     167.041   13.46998          1
    516169     168.232   13.15419          1
   1021333     176.079   13.83662          1
    748461      176.48   13.52577          1
    323000     176.491   12.68541          1
   1392006     177.325   14.14626          1
   1135117      177.75   13.94225          1
    607600     179.087   13.31727          1
   1765951     179.753    14.3842          1
   1129363     182.306   13.93716          1
   1094222     184.018   13.90555          1
   2586133     184.208   14.76567          1
   2009617     185.736   14.51345          1
   1582995      186.89   14.27483          1
   1087114     186.924   13.89904          1
   2131918       189.1   14.57253          1
   1226118     189.479   14.01936          1
    569897     189.845   13.25321          1
   1142370     191.528   13.94862          1
    402693      192.77   12.90593          1
    600000     195.475   13.30468          1
   1333969       197.2   14.10367          1
    272210     197.429   12.51433          1
   1574611     199.546   14.26952          1
   1219084     199.653   14.01361          1
    315343     201.168   12.66142          1
   1737187     201.558   14.36778          1
    773504     201.713   13.55869          1
    980697     202.341   13.79602          1
    629701     204.618     13.353          1
   1172371     204.956   13.97454          1
    540873     205.207   13.20094          1
   1451127     205.859   14.18785          1
   1528141     206.773   14.23956          1
    815200     209.463   13.61119          1
   1677883      210.13   14.33304          1
    635315     211.981   13.36188          1
    466948       212.4   13.05397          1
   2145214     212.761   14.57875          1
    900000     215.662   13.71015          1
   2072062     215.878   14.54405          1
   3769820      216.02   15.14254          1
   4374240     218.868   15.29124          1
    811786     219.255   13.60699          1
    374992     221.244   12.83466          1
   2769297     221.263    14.8341          1
    286331      222.33    12.5649          1
   2435049     222.532   14.70548          1
    631173      224.05   13.35534          1
   1190557     224.871   13.98993          1
   1036293     225.019   13.85116          1
    452180     230.555   13.02184          1
    309099     230.725   12.64142          1
    748458     230.996   13.52577          1
    810155     232.496   13.60498          1
   1496876      233.83   14.21889          1
    923555     233.896   13.73599          1
   1805650     234.247   14.40643          1
   1035209     234.297   13.85011          2
   2791086     234.625   14.84194          2
    640170     234.861   13.36949          2
    432386     235.968   12.97707          2
   2111658     236.889   14.56298          2
   2028901     237.024     14.523          2
    403800     237.777   12.90868          2
   1033544     238.079    13.8485          2
   1273384     238.452   14.05719          2
    338482     238.835   12.73223          2
    889332     239.476   13.69823          2
   2222774     240.588   14.61427          2
   3367528     242.784   15.02969          2
    939349     243.738   13.75294          2
   1303830      244.71   14.08082          2
    429001     245.505   12.96921          2
    954890     246.662   13.76935          2
   1459419     246.892   14.19355          2
    552004     249.726   13.22131          2
    246783     250.511   12.41626          2
   3564495     251.872   15.08653          2
   1509037     252.653   14.22698          2
    815768     255.102   13.61189          2
   3084891     255.514   14.94203          2
    273200     255.955   12.51796          2
   1440185     256.032   14.18028          2
    715615     256.407    13.4809          2
    787063     257.113   13.57606          2
   1558994     260.188   14.25955          2
   3763365      261.25   15.14082          2
   1061019     263.177   13.87474          2
    885198     265.423   13.69357          2
   1915528     265.888    14.4655          2
    410219     266.402   12.92445          2
   5865635     268.888   15.58462          2
    624978     268.915   13.34547          2
   3929202     269.032   15.18395          2
    644594     271.119   13.37638          2
    642466      274.49   13.37307          2
   8227512     277.333   15.92299          2
   1628886     283.469   14.30341          2
   7953108     285.714   15.88907          2
   1634588     286.066    14.3069          2
    937185     286.465   13.75064          2
    709048     286.667   13.47168          2
   8372297     289.163   15.94044          2
   1812563     290.743   14.41025          2
    808500     292.127   13.60294          2
   1128518     292.371   13.93642          2
   1014592     292.469      13.83          2
    495494     292.846   13.11331          2
   1432151     292.998   14.17469          2
    712968      293.71   13.47719          2
    394637     296.882   12.88572          2
    949010     297.419   13.76318          2
   3785821     297.585   15.14677          2
   1553229     297.734   14.25585          2
   1173963     298.127    13.9759          2
    773751     299.098   13.55901          2
    483479      299.51   13.08876          2
    195899     299.766   12.18535          2
    741084     299.868   13.51587          2
   1448072     300.471   14.18574          2
    692371     300.615   13.44788          2
   2009857     302.775   14.51357          2
    897340     304.413   13.70719          2
    892215     304.767   13.70146          2
   1453815     305.014    14.1897          2
   1689645     305.605   14.34003          2
   1001665     307.301   13.81717          2
   1728724     307.427   14.36289          2
   1831545     307.498   14.42067          2
    953077     307.581   13.76745          2
    472252     312.051   13.06527          2
   1029679     312.543   13.84476          2
     68012     313.129   11.12744          2
   9998144     313.554   16.11791          2
    498980     314.795   13.12032          2
   1549113     315.202   14.25319          2
   1875789     315.567   14.44454          2
   1145455     316.712   13.95131          2
    667500      317.74   13.41129          2
   1910559     319.244   14.46291          2
   6913223     319.432   15.74895          2
   2130102     321.299   14.57168          2
   1064048     322.082   13.87759          2
   1349944     322.372   14.11557          2
    700627     322.463   13.45973          2
    355546     322.488   12.78141          2
   3760249     322.661      15.14          2
   1757036     323.487   14.37914          2
    861465     323.636   13.66639          2
    558319     324.185   13.23269          2
    984219     324.248    13.7996          2
   4593031     325.125   15.34005          2
   1712459     325.286   14.35344          2
    872821     325.376   13.67949          2
   1269669      326.86   14.05427          2
   1090431     331.388   13.90208          2
   7581889     332.024   15.84127          2
   1470755     332.292   14.20129          2
    605430      332.53   13.31369          2
    504314     334.171   13.13095          2
    681437     334.578   13.43196          2
    401000     334.989   12.90172          2
   1276518     335.682   14.05965          2
   1352526     335.713   14.11748          2
   1373305     336.206   14.13273          2
    584698     338.444   13.27885          2
    841928     340.659   13.64345          2
   1661640     341.599   14.32332          2
   1978001      341.75    14.4976          2
  15537776     342.014   16.55878          2
    139644     342.169   11.84685          2
    624832     342.431   13.34524          2
   1204782     342.732   14.00181          2
   1514319      343.04   14.23048          2
   1615684     343.437   14.29527          2
   1971375     343.743   14.49424          2
   2522869      343.89   14.74091          2
    891258      343.98   13.70039          2
   3942711     344.023   15.18738          2
   1154737     344.946   13.95938          2
   7355399     345.503   15.81095          2
   2708360     346.966   14.81185          2
   6177978     350.093    15.6365          2
   1243859      351.45   14.03373          2
    937998     353.633    13.7515          2
   1057448     353.719   13.87137          2
   2965701     356.277   14.90262          2
   1509072     356.559   14.22701          2
   1189845     357.682   13.98933          2
    814125     358.396   13.60987          2
   1336574     359.704   14.10562          2
   4562491     360.174   15.33338          2
    996413     361.488   13.81192          2
   2557009     361.921   14.75435          2
   2308949     363.854    14.6523          2
    500000     365.437   13.12236          2
    389661     367.224   12.87303          2
    744131     368.917   13.51997          2
   4622244     369.706   15.34639          2
   1283532     372.536   14.06513          2
   1455725     372.752   14.19101          2
   8957259     373.418   16.00797          2
   2590542     375.112   14.76738          2
    985667     381.871   13.80107          2
    483977     382.273   13.08979          2
    968792     382.397    13.7838          2
   1673218     384.458   14.33026          2
   3394717     384.897   15.03773          2
   1217056     387.573   14.01195          2
   1327561     390.521   14.09885          2
   2659146     390.827   14.79352          2
   2366052     391.584   14.67673          2
   1736175     391.723    14.3672          2
   1972567     391.944   14.49485          2
    970644     392.307   13.78572          2
   2621218     393.741   14.77915          2
    741410     393.756   13.51631          2
    888598     394.536    13.6974          2
   1467667     395.344   14.19918          2
    399052     397.782   12.89685          2
   1108399     397.872   13.91843          2
   1821631     398.274   14.41524          2
   2981331     399.256   14.90788          2
   2048687     400.643   14.53271          3
   2925011     400.885   14.88881          3
   1197811     400.919   13.99601          3
    456260     402.084   13.03082          3
   3378756     403.058   15.03302          3
    560308      403.14   13.23624          3
    786502     407.105   13.57535          3
   1349296     410.937   14.11509          3
   4308913     413.359    15.2762          3
   1521057     413.726   14.23492          3
   1851486     414.631    14.4315          3
    802029      415.45    13.5949          3
    976492     415.597   13.79172          3
    300000     416.745   12.61154          3
   1335059     417.076   14.10449          3
   1066424     417.348   13.87982          3
    421934     417.935    12.9526          3
    458737     418.686   13.03623          3
   2658589     419.309   14.79331          3
   2868718     419.354   14.86938          3
   1405866     427.232   14.15616          3
   1463006     427.856     14.196          3
   9420969      428.92   16.05845          3
    419490     429.475   12.94679          3
   3097086     432.836   14.94597          3
   1322876     432.988   14.09532          3
   1170360     433.917   13.97282          3
    378437     435.489   12.84381          3
   8683216     436.884    15.9769          3
  13146144     437.963   16.39164          3
   1334967     438.438   14.10442          3
   2859289     440.734   14.86608          3
    988639     441.184   13.80408          3
   1073626      442.01   13.88655          3
   5596775     442.415    15.5377          3
   2301033     443.041   14.64887          3
   1722259     446.343   14.35915          3
   1698592     446.633   14.34531          3
   1465406     447.209   14.19764          3
    234889     448.178   12.36687          3
    463445     448.215   13.04644          3
    824696      448.42   13.62277          3
   6759539      449.95   15.72647          3
   2869319     450.913   14.86959          3
    253960     451.248   12.44493          3
   2370652     451.739   14.67868          3
   2299225     453.798   14.64808          3
   8089318     454.817   15.90606          3
    643283     455.653   13.37434          3
    639308     456.479   13.36814          3
    773398     456.509   13.55855          3
   3497203     458.302   15.06747          3
    463725     458.439   13.04705          3
   5115442      458.72   15.44777          3
    902087     460.088   13.71247          3
   6006857     460.739   15.60841          3
   1093721     461.299    13.9051          3
   2299216     462.681   14.64808          3
   1636610     463.152   14.30814          3
   3395710     463.274   15.03802          3
    987049     463.751   13.80247          3
   3543370     467.027   15.08059          3
   1142429     469.445   13.94867          3
   1239371     472.238   14.03011          3
   3163452     473.199   14.96717          3
   2332299     473.807   14.66236          3
    500063     474.202   13.12249          3
   3252613     478.413   14.99497          3
   1775180     481.557   14.38941          3
   1370072     481.973   14.13037          3
   1788646     482.381   14.39697          3
   2858435      489.81   14.86578          3
    966021     491.448   13.78094          3
   2400013     491.796   14.69098          3
   5703127     492.123   15.55653          3
   1057361     492.921   13.87129          3
    791788     493.386   13.58205          3
   1917592      494.53   14.46658          3
   1406161     497.752   14.15637          3
   1924056     498.339   14.46995          3
   1880801     498.764   14.44721          3
   4396802     499.898   15.29639          3
   1368962     499.937   14.12956          3
   1542994     500.669   14.24924          3
   1837737     500.939   14.42405          3
    279199     501.444   12.53968          3
    434360     502.742   12.98163          3
    630574     504.545   13.35439          3
   5761629     504.679   15.56673          3
    270800     507.029   12.50914          3
   1023455     507.407   13.83869          3
   2176464     508.398   14.59321          3
   5199702     510.309   15.46411          3
    874627     510.697   13.68155          3
    218758     510.875   12.29572          3
   2699266     511.744   14.80849          3
   1922580     511.938   14.46918          3
   3262043     512.123   14.99786          3
   2692555     515.452     14.806          3
    594624     515.922   13.29568          3
   4813600     516.538   15.38696          3
    807066     518.974   13.60116          3
   2341810      519.26   14.66643          3
    769930     519.275   13.55406          3
    627239     519.704   13.34908          3
    486588     521.966   13.09517          3
   1576002     523.817    14.2704          3
   1310645     524.459   14.08603          3
   3621921     524.529   15.10252          3
   1691338     525.831   14.34103          3
   4623045         528   15.34656          3
   1184206     530.856   13.98458          3
   1590297     531.469   14.27943          3
    986465      532.56   13.80188          3
   1705774      533.75   14.34953          3
   1077679     533.793   13.89032          3
   3472674     534.232   15.06044          3
   1101573     534.967   13.91225          3
   1791747     535.437    14.3987          3
 3176495.7     536.226   14.97129          3
    943625     537.316   13.75748          3
    855640     537.351   13.65961          3
   2008779     538.128   14.51304          3
   1178144     538.656   13.97945          3
   1145846     540.041   13.95165          3
   1520081     540.138   14.23427          3
   2096839     540.202   14.55594          3
    863390     540.313   13.66862          3
   2446376     541.128   14.71012          3
   3856881     541.742   15.16537          3
   2256996      544.73   14.62955          3
   1145716     547.314   13.95154          3
   4962189     549.358   15.41736          3
   6207812     549.634   15.64132          3
   3359829     550.334    15.0274          3
    612704     550.468   13.32564          3
   1808763     551.038   14.40815          3
   1520421      553.55    14.2345          3
    691599     555.112   13.44676          3
   1071245     555.962   13.88433          3
    366669     556.446   12.81221          3
    333400     557.088    12.7171          3
   1175250      558.41   13.97699          3
   1432129     558.533   14.17467          3
    782104      558.92   13.56974          3
   2057120     559.391   14.53682          3
   2384444     566.392   14.68448          3
    369597     567.595   12.82017          3
    558540     568.252   13.23308          3
    972868     568.599     13.788          3
    822065     569.074   13.61957          3
   1938789     569.829   14.47757          3
   2095210     569.896   14.55516          3
    467890     570.304   13.05599          3
   1654969     571.065   14.31929          3
   1853538     573.812   14.43261          3
   1223582     575.421   14.01729          3
    717356     577.983   13.48333          3
   1831191     579.173   14.42048          3
    540000     579.302   13.19932          3
   2000628     582.245   14.50897          3
   6615375      583.11   15.70491          3
   1827129     583.124   14.41826          3
   1931760     583.792   14.47394          3
   1791846     585.551   14.39876          3
    684718     587.724   13.43676          3
    472564     587.826   13.06593          4
   1730131     588.661   14.36371          4
   6721978     588.737   15.72089          4
   4011457     588.972   15.20467          4
    496925     590.184   13.11619          4
    896945     590.549   13.70675          4
   4758982     595.515   15.37554          4
    376000     596.086   12.83734          4
    772079     597.587   13.55684          4
    255028     599.529   12.44913          4
   1017048     600.962   13.83241          4
   4466728     601.439   15.31217          4
    100000     602.177   11.51293          4
    913655     603.511   13.72521          4
   3766965      604.38   15.14178          4
   1636345     604.456   14.30798          4
   1826326     609.279   14.41782          4
   7825051      610.26   15.87284          4
   1401038      610.65   14.15272          4
    795266     611.712   13.58643          4
   3287799     613.782   15.00573          4
    912453     615.186   13.72389          4
   2281096     616.608   14.64017          4
   1014577     618.078   13.82998          4
   2098516     618.426   14.55674          4
   1209162      626.85   14.00544          4
    350000     628.279   12.76569          4
  14853631      628.54   16.51376          4
   2449955     634.028   14.71158          4
   1263362     636.021   14.04929          4
   3262003       637.1   14.99785          4
   5969383     637.945   15.60215          4
   7221362     639.266   15.79255          4
    340905     641.387   12.73936          4
    526576      644.28   13.17415          4
    951958     645.105   13.76628          4
    338186      653.22   12.73135          4
    306000       653.4   12.63134          4
   1267625     653.643   14.05266          4
  44032697     655.355   17.60044          4
    658311     655.593   13.39743          4
    637850     661.752   13.36586          4
    886154     663.797   13.69465          4
    390657     664.096   12.87559          4
   1277344     665.161   14.06029          4
   1781674     665.623   14.39306          4
   1125999     668.088   13.93418          4
   5754274     668.566   15.56545          4
   2085880     670.607    14.5507          4
   3067388      672.06   14.93634          4
    332704     678.339   12.71501          4
    867768     678.567   13.67368          4
   3868679     682.556   15.16842          4
   3087159     685.859   14.94276          4
   3191795     688.697   14.97609          4
   5806497     689.309   15.57449          4
   2286383     691.754   14.64248          4
   1464290     692.049   14.19688          4
   1315633     692.739   14.08983          4
   3434369     694.237   15.04934          4
   4129409      696.08   15.23364          4
   1100052     696.492   13.91087          4
    917234      703.99   13.72912          4
   2494535     704.012   14.72961          4
   1095889     707.493   13.90708          4
   2864807     707.669   14.86801          4
   3330144     708.818   15.01853          4
   3207801     709.285    14.9811          4
   1034622      709.64   13.84955          4
   3648744     711.533   15.10989          4
   1385040     712.655   14.14124          4
   1039799      715.09   13.85454          4
   2409050     717.334   14.69474          4
   1055324     719.535   13.86936          4
    340772     721.063   12.73897          4
    972274     722.487   13.78739          4
   2016560     723.718    14.5169          4
   1949601     723.837   14.48314          4
   1795863     724.913     14.401          4
   1980732     725.255   14.49898          4
   3421480     727.298   15.04558          4
   1205884     728.607   14.00272          4
    847691     730.294   13.65027          4
    748845     732.424   13.52629          4
   1250896     735.183   14.03937          4
    504266      737.41   13.13086          4
    805437      739.06   13.59914          4
   1263754     740.683    14.0496          4
   2939217     740.932   14.89365          4
    262512      741.11   12.47805          4
    785446     741.443   13.57401          4
   2798287     749.093   14.84452          4
   1352046     751.824   14.11713          4
    959417     752.765   13.77408          4
   2399789     753.858   14.69089          4
   2262229     754.296   14.63186          4
   3118291      757.91    14.9528          4
    929820     761.167   13.74275          4
   2229614     763.145   14.61734          4
   1015703     764.562   13.83109          4
   1661861      765.18   14.32345          4
   1037836     765.406   13.85265          4
   3002171     769.182   14.91485          4
   1502923     770.036   14.22292          4
   2311067     773.718   14.65322          4
    982414     779.131   13.79777          4
   1831164     779.667   14.42046          4
   3231466     781.308   14.98845          4
   2284292     784.612   14.64157          4
   1209136     788.925   14.00542          4
    765001     789.642   13.54763          4
   1288563      791.14   14.06904          4
   5160959     797.267   15.45663          4
   3332001     797.578   15.01908          4
   1522546     800.636   14.23589          4
   1526460     803.357   14.23846          4
   1278477     805.273   14.06118          4
    434956     809.316     12.983          4
   1634905     810.173    14.3071          4
   1278300     811.254   14.06104          4
   1347397     812.286   14.11369          4
   2273919      813.89   14.63702          4
   2355170     814.333   14.67212          4
   1706687     816.986   14.35006          4
   2592548     819.418   14.76815          4
   2102567     820.379   14.55867          4
   2114214     821.013   14.56419          4
   4906689     824.652   15.40611          4
   7190508     825.343   15.78827          4
   3337886      826.75   15.02085          4
    623841     828.265   13.34365          4
   2651387     833.773   14.79059          4
   2129734     835.346   14.57151          4
   2008102     836.638    14.5127          4
   6729332     836.735   15.72199          4
   4853849     839.316   15.39528          4
   1038063     840.698   13.85287          4
   1391165     840.939   14.14565          4
   1375735     844.861    14.1345          4
    757903     846.777   13.53831          4
   7785062     847.369   15.86772          4
   1292161     847.829   14.07183          4
    975639     848.477   13.79085          4
   2727741     848.489   14.81898          4
   1262210     849.647   14.04838          4
    870314     851.167   13.67661          4
   1035755     861.494   13.85064          4
    392992     863.062   12.88154          4
    807020     864.844    13.6011          4
   2267895     868.001   14.63436          4
   2662589     878.192   14.79481          4
   2644309     882.256   14.78792          4
   1947104     883.584   14.48185          4
   3236164         886    14.9899          4
    867028     886.486   13.67283          4
   1865405     886.748   14.43899          4
   4557781     886.838   15.33235          4
   1510958     886.992   14.22825          4
   1533066      891.31   14.24278          4
   2290815     892.768   14.64442          4
   2416554     893.664   14.69785          4
   1218910     896.839   14.01347          4
   1960546     898.975   14.48873          4
    951897     899.246   13.76621          4
   3133409     899.506   14.95763          4
   1752203     900.042   14.37638          4
   2770831     901.334   14.83466          5
    771484     903.455   13.55607          5
    763093     903.717   13.54514          5
   5207145     904.409   15.46554          5
   3685264      907.25   15.11985          5
   2614018     907.319    14.7764          5
   1170822     909.155   13.97322          5
   1619835     909.389   14.29783          5
   2582340     909.624   14.76421          5
   1413478       910.6   14.16156          5
   1617377     911.158   14.29632          5
    463292     911.324   13.04611          5
   1755197     912.604   14.37809          5
  21290631     914.218   16.87378          5
   2361386      915.88   14.67476          5
   4099820     917.962   15.22645          5
   3255653     919.111    14.9959          5
   5971477     924.226    15.6025          5
   2379635     927.686   14.68246          5
   1015814     927.875    13.8312          5
   1225170      930.15   14.01859          5
   1587875     932.077   14.27791          5
   1097124     933.763    13.9082          5
    713343     933.992   13.47772          5
    845169     934.492   13.64729          5
   1090587     934.957   13.90223          5
   1463792     937.915   14.19654          5
   2081350     941.911   14.54853          5
   2104828     942.907   14.55974          5
    630029     943.319   13.35352          5
   2747800     944.742   14.82631          5
   2668641     952.435   14.79708          5
   2110399     954.527   14.56239          5
   1077118      955.39    13.8898          5
   4460163      957.03    15.3107          5
   1000000     958.744   13.81551          5
    175000     958.889   12.07254          5
   1748374     959.319    14.3742          5
   1781448     959.384   14.39294          5
    942860     962.114   13.75667          5
   1189395     965.053   13.98896          5
   2238764     967.796   14.62143          5
   1729314     970.103   14.36324          5
   3673672     970.503    15.1167          5
   3002946     970.908    14.9151          5
   5049802      973.44   15.43486          5
   2211189     973.822   14.60904          5
   3038735      976.73   14.92695          5
  13730652     981.045   16.43514          5
   2549434     983.929   14.75138          5
    315532     995.309   12.66201          5
    576218    1000.076   13.26424          5
   1414585     1001.44   14.16235          5
   2296252    1002.176   14.64679          5
   1798830    1003.069   14.40265          5
   2054703    1005.557   14.53564          5
    615336    1008.453   13.32992          5
    836027    1014.377   13.63642          5
   1478538    1026.256   14.20656          5
   1620679    1026.372   14.29836          5
   1558272    1026.404   14.25909          5
   2224861    1031.718    14.6152          5
   1193212    1036.989   13.99216          5
   4385115     1037.19   15.29373          5
   3259839    1037.198   14.99719          5
   3191361    1037.508   14.97596          5
    769969    1038.306   13.55411          5
  17631877    1038.473   16.68522          5
   1568270    1039.779   14.26548          5
   5339841    1040.238   15.49071          5
   3355389    1046.358   15.02608          5
   4965809    1052.577   15.41809          5
   1228850    1053.713   14.02159          5
   2229568     1055.82   14.61732          5
  10416297    1058.298   16.15888          5
   1822002     1062.74   14.41545          5
  21244658    1066.703   16.87162          5
   1311778     1068.21   14.08689          5
   2276922     1071.07   14.63834          5
    401723    1074.578   12.90352          5
    936464    1075.055   13.74987          5
   2506074    1077.857   14.73423          5
    532938    1082.255   13.18616          5
   2162025    1082.322   14.58656          5
   1412400    1084.608    14.1608          5
   4690841     1086.14   15.36112          5
   3221945    1088.831    14.9855          5
   1110961    1089.494   13.92074          5
    857868    1091.428   13.66221          5
   3772408    1091.499   15.14322          5
   1119564    1092.178   13.92845          5
  13682689    1095.432   16.43164          5
   1392315    1097.578   14.14648          5
   2626709    1101.061   14.78124          5
   4887653    1103.472   15.40222          5
   2044117    1107.919   14.53048          5
    944386      1108.8   13.75829          5
   1773423     1112.97   14.38842          5
  11580441    1114.332   16.26483          5
    539200    1116.411   13.19784          5
    906965    1125.526   13.71786          5
   2666031      1126.9    14.7961          5
    825763    1127.225   13.62406          5
   1547263    1131.869     14.252          5
   8737957    1141.655   15.98319          5
   2465434    1145.325   14.71788          5
   1845649     1146.24   14.42834          5
   2250000    1151.141   14.62644          5
    600000    1152.628   13.30468          5
   2131592    1154.699   14.57238          5
   1990957    1155.334   14.50413          5
   4948937    1160.537   15.41468          5
   3236141    1163.781   14.98989          5
   3671212    1165.873   15.11603          5
   8380608    1169.565   15.94143          5
   2734053    1174.044    14.8213          5
    498101    1177.015   13.11856          5
   5232144    1177.242   15.47033          5
   9419580    1178.403    16.0583          5
   1432406    1190.451   14.17487          5
    866800    1192.695   13.67256          5
   2142901    1193.701   14.57767          5
   1489187    1194.007   14.21374          5
   9477556    1202.813   16.06444          5
   2781375    1205.469   14.83846          5
   1323329    1206.281   14.09566          5
   3136674    1208.636   14.95867          5
   1687711    1210.309   14.33888          5
   7751871      1211.1   15.86344          5
   1317220     1211.59   14.09103          5
    568971    1216.143   13.25159          5
   1198347    1221.285   13.99645          5
   1954870    1222.931   14.48583          5
   1239311    1223.737   14.03007          5
    901500    1233.873   13.71181          5
   1438064    1240.707   14.17881          5
    425583    1243.245   12.96122          5
   1797222    1244.943   14.40175          5
   2244153      1247.4   14.62384          5
   3406357     1248.19   15.04115          5
   1925922    1248.506   14.47092          5
   1361360    1248.787   14.12399          5
   1872735    1250.724   14.44291          5
   1277755    1256.133   14.06062          5
    428158    1257.532   12.96725          5
    923146     1257.67   13.73554          5
    537095    1260.634   13.19393          5
   2364470    1260.764   14.67606          5
    957620    1265.395   13.77221          5
   1246323    1265.814   14.03571          5
   1218000    1266.485   14.01272          5
   1141660    1267.876   13.94799          5
  12342783    1270.316   16.32858          5
   1769184    1272.286   14.38603          5
   6056456    1276.675   15.61664          5
   8091830    1280.755   15.90637          5
   1614798     1286.94   14.29472          5
   3586669    1288.664   15.09273          5
   4898417    1291.166   15.40442          5
   1225790    1292.876    14.0191          5
   3807865    1295.008   15.15258          5
   2195230    1297.571    14.6018          5
   3149895    1302.189   14.96288          5
   6013056     1311.18   15.60944          5
    988462    1318.751   13.80391          5
   2284871    1320.053   14.64182          5
   1858763    1324.087   14.43542          5
   1439792    1326.566   14.18001          6
   1403534    1330.132    14.1545          6
    764639    1330.255   13.54716          6
   1901944     1339.36   14.45839          6
   2284241      1339.8   14.64154          6
   4747452    1343.344   15.37312          6
   1797788     1349.63   14.40207          6
   1601071     1349.67   14.28618          6
   9951135    1355.516    16.1132          6
   1942820    1360.192   14.47965          6
   1703471    1362.687   14.34818          6
    959536    1365.092   13.77421          6
    542867    1365.836   13.20462          6
  16083805    1368.613   16.59332          6
   2674672    1370.843   14.79934          6
   4755212    1371.613   15.37475          6
   2555437      1372.4   14.75373          6
   5923746    1375.657   15.59448          6
   2610291    1376.336   14.77497          6
   6443542    1377.674   15.67859          6
   1689997    1381.866   14.34024          6
   8942628    1387.413   16.00634          6
   1543374    1392.387   14.24948          6
    652627    1398.906   13.38876          6
  16547424    1399.697   16.62174          6
   5426778    1400.288   15.50686          6
   4271518    1417.263   15.26748          6
   7534864    1423.202   15.83505          6
   1081594    1424.329   13.89395          6
   3624493    1426.499   15.10322          6
   1649534    1428.069     14.316          6
   3614136     1433.04   15.10036          6
   2244923      1436.2   14.62418          6
   6264608     1439.32   15.65043          6
   2757170    1451.495   14.82972          6
   4609315    1462.691   15.34359          6
   4402400      1463.2   15.29766          6
    391923     1465.57   12.87882          6
   3224229    1475.375    14.9862          6
   3050292     1476.06   14.93075          6
   1727079    1476.921   14.36194          6
    424840     1478.05   12.95947          6
   1197709    1479.397   13.99592          6
   1725600    1481.306   14.36108          6
   2634934    1483.398   14.78437          6
   1279531    1484.292     14.062          6
   3799013    1489.371   15.15025          6
   1474566    1495.594   14.20387          6
   1032606    1495.731    13.8476          6
   1623531    1497.263   14.30011          6
   5555661     1499.03   15.53033          6
   2232115    1518.871   14.61846          6
   1389082    1523.925   14.14415          6
   1707608     1539.05    14.3506          6
   1703000    1540.827    14.3479          6
   3634505    1544.768   15.10598          6
   1066959    1545.275   13.88032          6
   1439714    1550.699   14.17996          6
   4532924    1555.099   15.32688          6
   1392145    1557.374   14.14636          6
   1475328    1561.032   14.20439          6
   4899464    1562.668   15.40464          6
   7862222    1563.295   15.87758          6
   4057965    1570.324   15.21619          6
    117508     1572.39   11.67426          6
   9266390    1573.853    16.0419          6
   2984817    1574.588   14.90905          6
   2348671    1581.585   14.66936          6
   3410797     1581.75   15.04246          6
   2427862    1584.765   14.70252          6
   1160330    1586.667   13.96422          6
   3421205    1594.195    15.0455          6
   4057637    1594.842   15.21611          6
   1758392    1598.534   14.37991          6
   1333879      1618.4    14.1036          6
    593970    1620.946   13.29458          6
   1826357    1628.462   14.41783          6
    698240    1629.206   13.45632          6
   2832114    1631.721   14.85653          6
   4885882    1636.382   15.40186          6
   1565468      1636.8    14.2637          6
   2098581    1640.216   14.55677          6
   1170839    1645.364   13.97323          6
   2354064    1651.142   14.67165          6
   6873565    1661.229   15.74319          6
   7672917    1662.588   15.85321          6
   2145351    1664.975   14.57881          6
   2212921    1670.756   14.60982          6
   4326226    1671.525   15.28021          6
   3478488    1677.287   15.06211          6
    483466    1680.715   13.08874          6
    702823    1680.789   13.46286          6
   2118298    1681.977   14.56612          6
   1929779    1682.271   14.47292          6
   4732967    1691.094   15.37006          6
   3787468    1697.223   15.14721          6
   1995088    1703.453    14.5062          6
    117000    1704.903   11.66993          6
   2436461    1716.158   14.70606          6
    303912    1718.699   12.62449          6
   1892669    1724.184    14.4535          6
    636062      1733.4   13.36305          6
   4292169    1740.222    15.2723          6
   1483464    1741.084   14.20989          6
   3976167    1745.618   15.19583          6
    201092    1747.928   12.21152          6
   2791352    1750.867   14.84204          6
    787173     1765.32    13.5762          6
   2186195    1781.457   14.59767          6
   2556637    1786.538    14.7542          6
    807870    1786.998   13.60216          6
   6621871    1788.963   15.70589          6
   4964976    1800.196   15.41792          6
  19161096     1804.63   16.76839          6
   3236873    1806.654   14.99012          6
   8683761    1810.523   15.97696          6
   5089462    1812.223   15.44268          6
   4714643    1814.032   15.36618          6
   2038527    1820.091   14.52774          6
   3803779     1832.64   15.15151          6
    870827    1837.953    13.6772          6
   3981540    1840.687   15.19718          6
    878314    1842.851   13.68576          6
   2067288    1842.949   14.54175          6
   5425214    1853.544   15.50657          6
   5885974    1856.928   15.58808          6
   2873857    1860.205   14.87117          6
   5266994    1869.226   15.47697          6
   3551740    1874.725   15.08295          6
    510624    1874.954   13.14339          6
   4103779    1875.545   15.22742          6
   4980944    1879.316   15.42113          6
   1687687    1881.538   14.33887          6
  11394712    1884.165   16.24866          6
    827368    1886.816   13.62601          6
  12661138     1887.58   16.35405          6
   2489405    1892.685   14.72755          6
   4981968    1895.352   15.42134          6
   2370812    1899.528   14.67874          6
   9270594    1905.764   16.04236          6
    242384    1914.298   12.39828          6
   2633241    1915.315   14.78373          6
   1919316     1922.88   14.46748          6
   2927949    1926.598   14.88981          6
    320800    1927.905   12.67857          6
   7533051    1932.906   15.83481          6
   2223816    1935.073   14.61474          6
   1152707    1935.201   13.95762          6
   1562011    1944.905   14.26149          6
   7824118    1974.356   15.87272          6
   3099891    1976.085   14.94688          6
    570071    1976.196   13.25352          6
   2010891    1984.722   14.51409          6
   3036232    1998.382   14.92613          6
    802603    2007.705   13.59562          6
   3429872    2009.381   15.04803          6
   4735159    2027.677   15.37053          6
   1989002    2032.625   14.50314          6
   8225249    2034.306   15.92272          6
   2260806    2034.752   14.63123          6
   1055332    2037.183   13.86937          6
   1835818    2038.282     14.423          6
   5227510    2042.795   15.46945          6
   2104868    2051.333   14.55976          6
   2162170    2051.437   14.58662          6
   2685800    2056.292   14.80349          6
   2649962    2059.105   14.79006          7
    745556    2065.373   13.52189          7
   1008696    2069.948   13.82417          7
   9252465    2072.815    16.0404          7
   2573798    2081.246   14.76089          7
   7969726     2088.33   15.89116          7
   5711665    2100.236   15.55802          7
   2781159    2105.073   14.83838          7
    850547    2105.631   13.65364          7
   2164475    2111.922   14.58769          7
   1555902    2113.966   14.25757          7
   3262118    2114.046   14.99789          7
   3445666    2124.172   15.05263          7
   3098849      2131.2   14.94654          7
   5925832     2134.09   15.59483          7
   4617018    2151.325   15.34526          7
   5583979    2155.022   15.53541          7
   7712837    2157.635    15.8584          7
   1604404      2164.6   14.28826          7
   1542316     2172.06    14.2488          7
   3228842    2172.545   14.98763          7
   4529423    2174.446   15.32611          7
 1.245e+08    2180.335   18.63993          7
   2687010    2181.994   14.80394          7
   2041840    2183.322   14.52936          7
   5497781    2187.237   15.51986          7
   1433200    2192.416   14.17542          7
   3112261    2218.815   14.95086          7
   1471249    2218.985   14.20162          7
   3969217     2231.68   15.19408          7
   2105433    2257.165   14.56003          7
   4982223    2261.308   15.42139          7
   3442911    2261.859   15.05183          7
   9338372    2262.385   16.04964          7
   1356936    2264.283   14.12074          7
    788853    2274.501   13.57833          7
   1952536    2274.627   14.48464          7
   6946407    2275.478   15.75374          7
   4239319    2275.647   15.25991          7
   2853251    2281.737   14.86397          7
   1173104    2282.513   13.97516          7
   1365574    2288.902   14.12709          7
   3632014    2302.528    15.1053          7
   2639574    2307.942   14.78613          7
   3433286     2314.57   15.04903          7
   3969535    2314.899   15.19416          7
   2552408    2337.024   14.75255          7
   9999275    2347.155   16.11802          7
   2198566     2351.43   14.60332          7
   1157768    2351.805     13.962          7
   4346912    2358.258   15.28498          7
   6074149    2369.187   15.61955          7
   6450550    2371.408   15.67968          7
   8010994    2376.004   15.89633          7
   4518180    2386.534   15.32362          7
   4754580        2421   15.37462          7
   3337690    2431.234   15.02079          7
   4144943    2434.604    15.2374          7
   4604623     2436.31   15.34257          7
   2937210    2445.617   14.89297          7
   4596657    2455.363   15.34084          7
   5456864    2460.603   15.51238          7
   1168909    2462.442   13.97158          7
   5025000    2466.304   15.42994          7
   9838347    2467.662    16.1018          7
    770576    2472.113   13.55489          7
   7198797    2474.697   15.78942          7
   5834414    2481.282   15.57928          7
   1173190    2484.898   13.97524          7
   2647032    2493.028   14.78895          7
  15401003     2515.57   16.54994          7
  20860079    2518.748   16.85335          7
   4998491    2525.034   15.42465          7
   7142110    2534.407   15.78152          7
   2218633    2537.075    14.6124          7
   7370607    2543.497   15.81301          7
   3519162    2563.975   15.07373          7
   7161826    2571.071   15.78428          7
   5614674    2571.822   15.54089          7
   3067587    2574.005    14.9364          7
   1206113     2581.76   14.00291          7
   2227573    2592.422   14.61642          7
    896050    2613.367   13.70575          7
   1912420    2616.111   14.46388          7
   1544465    2624.927   14.25019          7
   5407166    2627.024   15.50324          7
   3441713    2641.952   15.05148          7
   4529324      2654.4   15.32608          7
   3994467    2671.111   15.20042          7
   1606522    2678.068   14.28958          7
   5863275    2679.468   15.58422          7
   3312355    2691.446   15.01317          7
   5857723     2694.39   15.58327          7
    365988    2702.525   12.81036          7
   5316991    2709.187   15.48642          7
   3020151    2711.511   14.92082          7
   1067741    2718.153   13.88106          7
   1538000    2731.851   14.24599          7
   1746007    2739.929   14.37284          7
   3333731    2752.197    15.0196          7
   2432520    2763.479   14.70444          7
   1148657    2783.524    13.9541          7
   4109290    2784.492   15.22876          7
   3011212    2787.075   14.91785          7
   2048866    2795.645    14.5328          7
  10214721     2829.54   16.13934          7
   2361385    2830.044   14.67476          7
   2818817    2858.973   14.85183          7
    749660    2865.069   13.52738          7
   3754370    2873.659   15.13843          7
    847260    2889.707   13.64976          7
   2472233    2899.749   14.72063          7
   2373060     2910.16   14.67969          7
   5996389    2917.134   15.60667          7
   3867587    2920.613   15.16814          7
   1626306    2929.818   14.30182          7
   5517741    2939.702   15.52348          7
   1824637    2950.719   14.41689          7
   3775820    2951.412   15.14413          7
   1836182    2954.854    14.4232          7
   5757581    2965.593   15.56603          7
   2452248    2974.925   14.71252          7
   1731460    2977.499   14.36448          7
   1126609    2989.174   13.93472          7
    856366    3008.533   13.66045          7
   5907877    3014.875    15.5918          7
   6806653    3015.215   15.73341          7
   4217914    3018.538   15.25485          7
   4669552     3031.38   15.35657          7
   4392034    3031.856    15.2953          7
   2014629    3036.735   14.51595          7
   1302813    3051.994   14.08004          7
   1871793    3057.756   14.44241          7
   5994386    3077.486   15.60633          7
   1364025    3120.754   14.12595          7
   3685728    3121.363   15.11998          7
   3393605     3132.25    15.0374          7
   1335971    3138.679   14.10517          7
   5895657     3140.06   15.58973          7
   3608051    3157.332   15.09868          7
   6076853    3157.843      15.62          7
   2795519    3206.387   14.84353          7
   1168998    3215.684   13.97166          7
  23784025    3245.335   16.98452          7
   2174390    3287.069   14.59226          7
   5606695    3288.358   15.53947          7
   2813955    3299.727    14.8501          7
   4333667    3321.211   15.28192          7
   2833150    3325.525    14.8569          7
   2350188    3326.873   14.67001          7
   8096052    3346.703   15.90689          7
   7672721    3357.954   15.85318          7
   1475130    3399.666   14.20426          7
   1013585    3401.122     13.829          7
   4080903    3408.252   15.22183          7
    801916    3437.334   13.59476          7
   2602556    3442.715     14.772          7
  13006747    3453.874   16.38098          7
  28704421    3465.312   17.17256          7
   2991525     3469.63   14.91129          7
   7002099    3478.944   15.76172          7
   6511007    3483.813     15.689          7
   3757109     3486.15   15.13916          7
   1585488     3506.25    14.2764          7
   1709732    3518.549   14.35185          7
   1057890    3518.816   13.87179          7
   2502287    3520.474   14.73272          8
   7073443    3538.675   15.77186          8
  16871580      3545.1   16.64114          8
   2192400    3558.087   14.60051          8
   1403000    3574.631   14.15412          8
   4801774    3577.955    15.3845          8
  10086605    3591.994   16.12672          8
   2851815    3618.993   14.86347          8
   5646110    3619.917   15.54648          8
   1794697    3623.728   14.40035          8
   8821541    3623.862   15.99271          8
   5721235    3650.968    15.5597          8
   5621690    3654.731   15.54214          8
   1315147    3684.756   14.08946          8
   4011139    3701.523   15.20459          8
   3163486     3702.56   14.96719          8
   4039253    3723.956   15.21157          8
   2553354    3738.152   14.75292          8
   1661851    3757.727   14.32344          8
   4023416    3769.149   15.20764          8
   1845783    3790.805   14.42841          8
   7957237     3791.07   15.88959          8
  21660730    3799.917   16.89101          8
  11180262        3800   16.22966          8
   4390319    3804.299   15.29491          8
   2192030    3805.875   14.60034          8
   4716692    3809.259   15.36662          8
   2292569    3836.068   14.64518          8
  17661351    3912.353   16.68689          8
  50526628    3920.178   17.73801          8
   6412249    3926.699   15.67372          8
   5471547        3931   15.51507          8
   6675402    3938.366   15.71394          8
   3864009    3943.928   15.16722          8
   7389894    3945.521   15.81562          8
   2475889    3961.152   14.72211          8
  10138673    3966.749   16.13187          8
   7466953     3984.02     15.826          8
   8710869    4001.264   15.98008          8
   3594736    4002.059   15.09498          8
   8563168    4002.446   15.96298          8
   4677438    4023.154   15.35826          8
  20095750    4035.456   16.81602          8
   2096059     4099.04   14.55557          8
   6948545    4107.768   15.75404          8
   3326972    4124.825   15.01757          8
    313793    4151.053   12.65649          8
   3867669    4160.454   15.16816          8
   4384272    4165.786   15.29353          8
   2643937    4192.524   14.78778          8
  13216163    4195.371   16.39695          8
   3268008    4201.535   14.99969          8
   2248384    4210.784   14.62572          8
   6862118    4214.439   15.74153          8
   5543003    4220.735   15.52805          8
   7566227    4228.125    15.8392          8
  23317276    4233.308    16.9647          8
   1359422     4252.96   14.12257          8
   1075072     4262.84    13.8879          8
   1286914    4266.872   14.06776          8
    403650    4271.003    12.9083          8
   2383300    4278.412     14.684          8
   3799496    4301.807   15.15038          8
   4629254    4319.136   15.34791          8
   4212443    4322.969   15.25355          8
    992300    4331.483   13.80778          8
   1898302    4337.124   14.45647          8
  21529597    4355.033   16.88494          8
   4455514    4387.073   15.30965          8
   3431894    4398.572   15.04862          8
   7276974    4412.283   15.80023          8
   3488496    4436.549   15.06498          8
   4145815    4455.827   15.23761          8
   2255085     4464.78    14.6287          8
   1308991    4493.824   14.08477          8
   2102722    4526.151   14.55874          8
  19069050    4530.713   16.76358          8
  10468035    4541.911   16.16384          8
   8805858    4555.678   15.99093          8
   2698421    4556.768   14.80818          8
   1601693    4586.922   14.28657          8
   5468818    4686.915   15.51457          8
   2622669      4696.4    14.7797          8
   4676319     4741.79   15.35802          8
   2040564    4744.308   14.52874          8
    937964    4775.989   13.75147          8
   4234738    4815.287   15.25883          8
   6581266    4844.711   15.69974          8
   1997191    4857.905   14.50725          8
   9820257     4863.01   16.09996          8
   4907568    4864.308   15.40629          8
   2876403    4871.092   14.87205          8
   4105671    4884.415   15.22788          8
   7132769    4893.258   15.78021          8
   2319459    5003.335   14.65684          8
   4102092    5014.127   15.22701          8
   1206778    5016.806   14.00346          8
   1775230    5053.111   14.38944          8
   8232268    5060.282   15.92357          8
   6064700    5063.401     15.618          8
   1636683    5066.079   14.30818          8
   2799927    5092.722    14.8451          8
    976409    5116.686   13.79164          8
   5097256    5119.471   15.44421          8
   2950593    5122.125   14.89752          8
   1852308    5142.731   14.43194          8
   5200503    5145.863   15.46427          8
   4193048    5161.212   15.24894          8
   1760839    5181.877    14.3813          8
   3445235    5188.201    15.0525          8
   1259782    5246.904   14.04645          8
  24114310     5257.54   16.99832          8
   1502042    5273.916   14.22234          8
   3363445    5287.284   15.02848          8
  21839406    5301.462   16.89923          8
   4862756    5302.412   15.39712          8
   4348072    5345.437   15.28524          8
   1674215    5361.946   14.33086          8
   4752054    5363.224   15.37409          8
   7050582     5374.25   15.76862          8
   4188993     5397.14   15.24797          8
   1897406    5405.493     14.456          8
   2303437      5447.3   14.64991          8
   3936312     5461.65   15.18575          8
   6055663    5464.701    15.6165          8
    536547    5488.137   13.19291          8
   1549429      5533.5    14.2534          8
   1642699     5543.48   14.31185          8
  30023108    5594.947   17.21748          8
   7104228    5605.028    15.7762          8
   3848804    5624.705   15.16327          8
  33436802     5635.84   17.32517          8
   8191693     5636.17   15.91863          8
  25637003    5650.561   17.05955          8
   7130576    5662.713    15.7799          8
   4656346     5672.93   15.35374          8
   1307151    5691.308   14.08336          8
   7613597    5733.955   15.84545          8
  24538999    5774.359   17.01577          8
    821271    5811.257   13.61861          8
   4245614    5832.375    15.2614          8
  41837870    5836.618   17.54931          8
  14013880    5839.872   16.45556          8
   8543828     5858.25   15.96072          8
    577541    5859.285   13.26653          8
  15015227    5860.899   16.52458          8
  13272368    5892.872    16.4012          8
   4797003    5897.945    15.3835          8
  38252908    5950.413   17.45973          8
   3522530    5967.107   15.07469          8
    404952    5974.155   12.91152          8
   2330115    6107.828   14.66143          8
   3225386    6155.203   14.98656          8
   3695997    6195.207   15.12276          8
   3624816    6231.537   15.10331          8
   1132038    6235.559   13.93953          8
   2605245    6299.202   14.77304          8
   1701958    6340.743   14.34729          8
  10518809    6348.824   16.16868          8
  12809745    6365.964   16.36572          8
   3373271     6367.77   15.03139          8
  66548901    6410.437   18.01345          8
   8347208    6458.495   15.93744          8
   9047741    6552.129   16.01803          8
    728034    6565.935    13.4981          8
   1708455    6568.266    14.3511          8
   7133890     6597.92   15.78037          9
   1433637    6629.942   14.17572          9
   6493404    6646.515    15.6863          9
   4211813    6652.045    15.2534          9
   2289000    6657.628   14.64363          9
   4694683    6666.763   15.36194          9
   3943763    6724.953   15.18765          9
   2809823     6767.55   14.84863          9
   6299906    6853.681   15.65604          9
   2294000     6872.73   14.64581          9
  33938195    6903.589   17.34005          9
   5303340    6946.247   15.48385          9
  27794147    6986.027   17.14034          9
   2605049    7004.448   14.77296          9
   3887789    7037.894   15.17335          9
   5469950    7053.296   15.51478          9
   3491220    7078.522   15.06576          9
   7140333    7134.383   15.78127          9
   2555439      7140.4   14.75373          9
   9045658    7153.855    16.0178          9
   8997133     7161.45   16.01242          9
   2808593     7180.44   14.84819          9
   4617106    7196.989   15.34528          9
    350576     7198.44   12.76733          9
   3749041    7297.506   15.13701          9
   4137475    7307.466    15.2356          9
  11325148    7312.275   16.24254          9
  25742531    7374.481   17.06366          9
   2981453     7376.48   14.90792          9
    920690    7404.408   13.73288          9
  24747569    7407.155   17.02424          9
   3219091    7533.943   14.98461          9
   7775060    7558.215   15.86643          9
   3231073    7571.471   14.98833          9
   5627613    7576.128    15.5432          9
    934500    7616.462   13.74777          9
   8058363    7644.296   15.90222          9
   1386902    7671.276   14.14258          9
   6422477    7696.904   15.67531          9
   1441210    7702.758   14.18099          9
  33416556    7705.749   17.32456          9
   3019092    7706.445   14.92047          9
    300000    7763.199   12.61154          9
   7381755    7773.721   15.81452          9
    325000    7791.717   12.69158          9
   2504095    7791.974   14.73344          9
   5233698      7819.8   15.47063          9
   4943831    7844.981   15.41365          9
   7125256    7850.535   15.77916          9
   4162800    7880.323    15.2417          9
   9670454    7956.183   16.08459          9
  10524917    7963.312   16.16926          9
   4459201    7984.174   15.31048          9
   6816410    8001.973   15.73484          9
   3056182    8032.412   14.93268          9
    708093    8053.244   13.47033          9
     50898    8100.271   10.83758          9
   2155850    8136.805    14.5837          9
  13548468    8142.207   16.42178          9
   2126483        8178   14.56998          9
   5587650    8214.691   15.53607          9
    189628     8216.46   12.15282          9
   6363408    8244.014   15.66607          9
    901557    8251.585   13.71188          9
   4814450    8297.635   15.38713          9
  18240935    8324.064   16.71918          9
   8556822    8473.981   15.96224          9
   2906497    8479.004   14.88246          9
   4782733    8538.809   15.38052          9
   8887962    8658.234   16.00021          9
   4821527     8706.25    15.3886          9
   5675897    8739.505   15.55174          9
    562136    8811.698    13.2395          9
  15007313      8851.5   16.52405          9
  18268361    8886.938   16.72068          9
  51611855    8896.844   17.75926          9
   2677078    8909.899   14.80024          9
  42771199     8911.08   17.57137          9
  20771360    8947.947   16.84908          9
   6992590    8954.112   15.76036          9
   7376615    8982.209   15.81383          9
   3714457    8995.665   15.12774          9
  10686750    8998.143   16.18451          9
   3088290    9009.848   14.94313          9
   3533330    9032.783   15.07775          9
  14603260    9033.028   16.49676          9
   3964432    9065.779   15.19287          9
   4303974    9092.657   15.27505          9
  19713140    9158.356    16.7968          9
   5165078    9194.291   15.45743          9
   1877651    9301.889   14.44553          9
   1420992    9332.553   14.16687          9
   9341849     9381.48   16.05001          9
  32060143    9495.253   17.28312          9
   2181739     9496.07   14.59563          9
  19725708    9543.904   16.79743          9
   3395231    9696.487   15.03788          9
   5168325    9810.822   15.45806          9
   2317991    9815.112   14.65621          9
   2765042    9828.182   14.83257          9
   7088579      9844.5     15.774          9
   7128974    9882.193   15.77968          9
  12254211      9919.4   16.32138          9
   8630350    9932.415    15.9708          9
   6564210    10022.25   15.69714          9
  16656557   10066.701   16.62831          9
  12785234   10097.762    16.3638          9
  24011436   10110.555   16.99404          9
   3582740   10130.098   15.09164          9
         1   10180.506          0          9
   6857970       10252   15.74092          9
   6181564   10291.082   15.63708          9
   4631786    10338.41   15.34845          9
   7126612   10603.436   15.77935          9
   1214740   10780.486   14.01004          9
   4020639   10825.144   15.20695          9
   5491901   10892.045   15.51879          9
   6198384   10945.703    15.6398          9
   8259015   11023.056   15.92682          9
  22926009   11027.115   16.94778          9
  17101250   11137.281   16.65466          9
   8758450   11212.263   15.98553          9
   3061889   11241.054   14.93454          9
  17242599   11254.066   16.66289          9
  10695083   11270.708    16.1853          9
  24481465    11273.29   17.01343          9
   9491998   11326.955   16.06596          9
   6308779   11351.393   15.65745          9
    873885   11425.785    13.6807          9
  13394953   11437.317   16.41039          9
    492380   11472.906   13.10701          9
   9864087   11533.009   16.10441          9
   3502616     11559.1   15.06902          9
   7516583    11594.86   15.83262          9
   6045334   11659.964    15.6148          9
   7985417   11774.586   15.89313          9
   3079775   11813.062   14.94037          9
  21773958   11887.695   16.89622          9
   4869406   11919.811   15.39848          9
   6663906   11993.363   15.71222          9
   6282713   12060.567   15.65331          9
   1222348   12077.125   14.01628          9
    419426   12457.235   12.94664          9
   2012082    12492.91   14.51468          9
  10464222   12539.786   16.16347          9
  31239932   12566.965   17.25721          9
  23724300   12676.267   16.98201          9
   6249916   12787.945   15.64808          9
  15345858   12923.307   16.54636          9
  34515638   12936.813   17.35692          9
    909330   13011.915   13.72046          9
   8738316     13038.5   15.98323          9
  16123177   13083.172   16.59577          9
  24667886   13091.952   17.02101          9
   9842501    13254.07   16.10222          9
   7725025   13263.449   15.85998          9
   4131015   13356.526   15.23403          9
   4704400   13415.657   15.36401          9
   3083399   13468.674   14.94154          9
  13125657    13671.13   16.39008          9
   1395299   13705.357   14.14862          9
   7869509   13723.216   15.87851          9
   6379347   14379.989   15.66858          9
   6596306   14421.432   15.70202          9
   4257909   14508.125   15.26429          9
  11275794   14628.004   16.23817          9
  15577199     14742.4   16.56132         10
   6955334   14778.619   15.75502         10
   7749373   14789.865   15.86312         10
   8428542   15091.059   15.94713         10
   4451928     15458.3   15.30885         10
  21497551   15561.377   16.88345         10
   7406220   15630.841   15.81783         10
   2737158   15646.206   14.82243         10
    294455   16247.149   12.59288         10
 1.344e+08   16346.148   18.71661         10
     32587   16539.971   10.39167         10
   4699851   16547.258   15.36304         10
   5045270   16594.414   15.43396         10
   5248582   16649.501   15.47347         10
   4579284   16865.048   15.33705         10
   6413417    17052.22    15.6739         10
   2975911   17062.771   14.90606         10
  12454350   17429.685   16.33758         10
   9171418   17563.837    16.0316         10
   1761000     17646.2   14.38139         10
  29504575     17673.2   17.20006         10
  50671565   17758.701   17.74088         10
   7034292     17790.5   15.76631         10
  26944691   17938.295    17.1093         10
   5332148   18031.694   15.48926         10
   6728994   18228.043   15.72194         10
   2150769    18345.75   14.58134         10
  40753597    18768.23   17.52305         10
  40942455   18824.588   17.52768         10
  10188054       18876   16.13673         10
   9161590   18936.794   16.03053         10
  10098082   19978.952   16.12786         10
  17958807   20051.269   16.70359         10
   4513124     20066.5    15.3225         10
   7489856   20306.974   15.82906         10
   7500514   20565.391   15.83048         10
  11892678   20607.485   16.29143         10
   7736779    20608.43    15.8615         10
  15536017   20867.547   16.55867         10
   3825710   21218.385   15.15725         10
   2675506    21237.05   14.79965         10
  22795633   21789.958   16.94208         10
  22896459   21848.532   16.94649         10
   3010880   22352.948   14.91774         10
   6226612   22546.789   15.64434         10
   9635096   22664.583   16.08092         10
   9850152   22668.199     16.103         10
   7943277   23008.387   15.88784         10
  27320866   23054.092   17.12316         10
   3402081   23281.261    15.0399         10
   6377441   23331.469   15.66828         10
  22203178   23385.015   16.91575         10
   9484378   25551.185   16.06516         10
    939021   25948.964   13.75259         10
   4954340   25985.366   15.41577         10
     82797   26274.924   11.32415         10
   9783017   26956.298   16.09616         10
   7008548   27223.625   15.76264         10
   6753412   27363.185   15.72556         10
   3020385   27439.589   14.92089         10
   4551753   27943.739   15.33102         10
    110000   28499.142   11.60824         10
  13288414    29608.56    16.4024         10
   5489349   29836.057   15.51832         10
   9800202   30028.526   16.09791         10
  13732324     30040.4   16.43526         10
  12203562   30219.871   16.31724         10
    260077   30304.985   12.46873         10
  28967678   30523.166   17.18169         10
   2050994   30571.079   14.53384         10
  19432416   30845.489   16.78245         10
  33587765   30973.317   17.32967         10
   3084934   31094.002   14.94204         10
  16252159   31206.028   16.60374         10
   9014988   31451.025    16.0144         10
  22154808   31707.135   16.91356         10
   2605000   31762.879   14.77294         10
  20175434   31875.921   16.81998         10
 1.722e+08       32250    18.9642         10
   9577214   32553.119    16.0749         10
  12743840   32680.463   16.36056         10
   5529686   32712.373   15.52564         10
   7046558    33549.67   15.76805         10
  25199186   33720.758   17.04232         10
  12840335   34367.996    16.3681         10
  25369406   34715.793   17.04906         10
  43344683   34884.935   17.58469         10
   9330713   35377.552   16.04882         10
   4511692   36084.915   15.32218         10
  38980640   36450.073   17.47857         10
  17685503       36704   16.68826         10
   9846703   37298.232   16.10265         10
  10051357   37626.093   16.12322         10
  10328756     38007.1   16.15044         10
  16900183   38016.557   16.64284         10
   1017083   38053.125   13.83245         10
  12338563   38832.365   16.32824         10
 1.938e+08   38855.151   19.08225         10
   7982573   39023.839   15.89277         10
    114042   42173.635   11.64432         10
  16637080    43865.22   16.62714         10
  21519397   45023.821   16.88447         10
   8383697   45869.632    15.9418         10
  32625686   45951.276   17.30061         10
  47821117     46637.5   17.68298         10
  25233840    48031.12    17.0437         10
  62515711   49725.093   17.95093         10
  15993824   51178.704   16.58771         10
  12485497    51288.75   16.34008         10
  30472168   53041.853   17.23232         10
   6541110   53539.017   15.69362         10
  24288498   53785.938   17.00551         10
    753820       53846   13.53291         10
  11372199   54453.452   16.24668         10
   8579086   56175.391   15.96484         10
   4657516   56855.973   15.35399         10
   9734228   61137.112   16.09116         10
   7526166   62206.038    15.8339         10
  18518475       62376   16.73428         10
   8446151   63624.322   15.94922         10
  31727759   64261.265    17.2727         10
  17056288   64347.584   16.65203         10
   9794182   65786.519    16.0973         10
  29496116   66622.997   17.19977         10
  14247247   68262.241   16.47207         10
  15282437   68847.939   16.54222         10
   7707656    70634.41   15.85773         10
   1047013    71878.54   13.86145         10
  15162996   72500.829   16.53437         10
  56996770   74297.124   17.85851         10
  13966221   74526.966   16.45215         10
  16770450   78545.592   16.63513         10
   3790406   83537.951   15.14798         10
  84825255   84178.974    18.2561         10
    337750   85328.102   12.73006         10
 1.383e+08   87255.337   18.74516         10
  12737741   88146.997   16.36008         10
  38624026   90234.798   17.46939         10
  21304409   93072.769   16.87442         10
  21087051   95585.902   16.86417         10
  24556560   98977.849   17.01649         10
  12071179    113540.8   16.30633         10
  44648351   115267.64   17.61433         10
   6515222   117788.05   15.68965         10
  13797973   121098.35   16.44003         10
  30039394   124788.99   17.21802         10
  17929561   127143.98   16.70196         10
  13106890   129587.94   16.38865         10
   4297816   130481.94   15.27362         10
  23362623   139092.66   16.96665         10
  25869983   143969.24   17.06859         10
  50374936   150854.15     17.735         10
  17916694   156486.03   16.70124         10
  17641730   162417.36   16.68578         10
  23286517   165524.39   16.96338         10
  11572637   167499.47   16.26415         10
  13194725   187530.73   16.39533         10
  14802093    192472.3   16.51028         10
  27867845   199279.85   17.14298         10
 1.763e+08   201794.24   18.98744         10
  64005282   203210.88   17.97448         10
   6760135   244020.75   15.72655         10
   6833234    274428.2   15.73731         10
  33228695   280114.06   17.31892         10
    623373   460770.51    13.3429         10
  70366772   508329.46   18.06923         10
