97 1 176 3 203 3 230 8 257 3 283 1 309 1 335 0 361 1
106 1 7 1 4 4 1 10 8 7 4 5 310 0 6 1 2 0
119 1 8 1 5 3 2 6 9 2 5 0 1 0 7 0 3 1
124 1 9 2 6 1 3 5 260 3 6 1 2 0 8 0 4 0
127 1 180 2 7 4 4 1 1 2 7 0 3 2 9 1 5 0
129 1 1 2 8 4 5 5 2 3 8 4 4 2 340 0 6 2
134 1 2 1 9 3 6 3 3 5 9 0 5 0 1 0 7 0
136 1 3 1 210 3 7 7 4 5 290 1 6 2 2 0 8 0
139 1 4 0 1 6 8 7 5 1 1 2 7 1 3 0 9 1
140 1 5 2 2 4 9 7 6 3 2 1 8 3 4 1 370 0
144 1 6 0 3 5 240 6 7 2 3 1 9 1 5 0 1 0
153 1 7 1 4 4 1 1 8 8 4 1 320 0 6 2 2 0
154 1 8 2 5 4 2 2 9 1 5 0 1 0 7 0 3 0
155 1 9 0 6 7 3 3 270 3 6 4 2 1 8 0 4 0
159 1 190 1 7 4 4 6 1 3 7 4 3 0 9 0 5 0
164 1 1 2 8 8 5 4 2 3 8 1 4 0 350 1 6 0
5 1 2 4 9 2 6 7 3 1 9 3 5 0 1 0 7 0
6 0 3 2 220 7 7 3 4 1 300 5 6 1 2 3 8 0
7 1 4 1 1 7 8 4 5 0 1 1 7 1 3 0 9 1
8 1 5 4 2 3 9 2 6 2 2 3 8 0 4 0 380 0
9 0 6 1 3 7 250 5 7 2 3 0 9 0 5 1 1 1
170 1 7 4 4 6 1 1 8 2 4 1 330 0 6 0 2 0
1 0 8 3 5 3 2 7 9 5 5 2 1 0 7 0 3 1
2 2 9 3 6 4 3 5 280 3 6 1 2 0 8 0 4 1
3 0 200 2 7 2 4 5 1 1 7 2 3 0 9 1 5 1
4 0 1 6 8 2 5 6 282 1 308 3 334 0 360 0 386 1
175 6 202 7 229 9 256 3

