62 1 82 0 101 7 120 3 139 8 158 2 177 6 196 1 215 0
3 0 3 1 2 5 1 3 140 7 9 8 8 3 7 0 6 1
4 0 4 0 3 2 2 4 1 5 160 6 9 6 8 0 7 0
5 2 5 0 4 3 3 5 2 8 1 9 180 5 9 0 8 1
6 0 6 2 5 4 4 1 3 8 2 7 1 3 200 1 9 0
7 1 7 0 6 0 5 4 4 11 3 3 2 5 1 0 220 1
8 1 8 0 7 1 6 2 5 4 4 4 3 3 2 1 1 0
9 0 9 0 8 3 7 4 6 8 5 3 4 5 3 2 2 0
70 0 90 2 9 2 8 4 7 6 6 3 5 3 4 2 3 0
1 0 1 1 110 3 9 1 8 4 7 3 6 4 5 0 4 0
2 1 2 3 1 2 130 6 9 3 8 4 7 4 6 0 5 1
3 1 3 3 2 2 1 6 150 5 9 2 8 3 7 1 237 1
4 1 4 0 3 0 2 5 1 4 170 7 9 2 8 2 247 1
5 0 5 3 4 3 3 4 2 5 1 6 190 2 9 2 249 1
6 1 6 2 5 4 4 7 3 8 2 5 1 1 210 2 256 1
7 2 7 2 6 6 5 7 4 4 3 8 2 4 1 2 259 1
8 2 8 0 7 4 6 8 5 7 4 6 3 3 2 3 270 1
9 1 9 0 8 4 7 6 6 10 5 3 4 1 3 0 285 1
80 2 100 3 119 1 138 9 157 5 176 3 195 1 214 0 310 1
81 0

