119 1 200 0 217 0 234 5 251 11 267 8 283 2 299 1 315 0
148 1 1 0 8 1 5 2 2 10 8 6 4 1 300 1 6 0
152 1 2 0 9 2 6 7 3 13 9 11 5 3 1 2 7 0
157 1 3 1 220 3 7 7 4 15 270 6 6 5 2 1 8 1
187 1 4 0 1 3 8 9 5 11 1 10 7 4 3 0 9 0
8 0 5 1 2 3 9 4 6 12 2 12 8 4 4 0 320 0
9 0 6 0 3 0 240 11 7 7 3 9 9 5 5 0 1 1
190 1 7 2 4 1 1 8 8 11 4 10 290 1 6 0 2 0
1 1 8 0 5 0 2 7 9 6 5 4 1 0 7 0 3 0
2 0 9 0 6 2 3 8 260 11 6 5 2 1 8 2 4 1
3 0 210 2 7 7 4 7 1 8 7 5 3 2 9 1 334 1
4 0 1 0 8 0 5 10 2 11 8 4 4 1 310 1 359 1
5 0 2 1 9 3 6 11 3 4 9 2 5 1 1 1 366 1
3 0 3 0 230 3 7 8 4 4 280 7 6 1 2 0 591 1
7 0 4 1 1 4 8 11 5 4 1 5 7 0 3 0 779 1
8 1 5 1 2 3 9 13 266 8 282 4 298 1 314 0 851 1
199 1 216 1 233 6 250 7

