67 1 170 2 186 0 202 2 218 6 234 8 250 6 266 4 282 2
86 1 1 0 7 3 3 4 9 8 5 10 1 10 7 5 3 0
103 1 2 0 8 3 4 1 220 8 6 8 2 6 8 6 4 2
114 1 3 0 9 0 5 10 1 5 7 5 3 3 9 3 5 0
157 1 4 0 190 1 6 3 2 3 8 7 4 5 270 4 6 0
8 0 5 0 1 0 7 6 3 3 9 7 5 4 1 4 7 1
9 0 6 3 2 2 8 4 4 6 240 6 6 10 2 1 8 0
160 0 7 0 3 4 9 3 5 10 1 11 7 7 3 3 9 0
1 1 8 1 4 1 210 1 6 7 2 11 8 4 4 2 290 0
2 1 9 1 5 0 1 7 7 8 3 12 9 3 5 0 1 1
3 0 180 2 6 2 2 5 8 9 4 9 260 0 6 0 303 1
4 0 1 1 7 1 3 3 9 12 5 7 1 2 7 0 312 1
5 0 2 2 8 3 4 3 230 15 6 6 2 3 8 1 313 1
6 0 3 2 9 4 5 2 1 13 7 7 3 2 9 1 333 1
7 0 4 1 200 5 6 4 2 6 8 7 4 0 280 4 357 1
8 0 185 3 201 6 217 5 233 8 249 8 265 2 281 2 784 1
169 0

