184 2 201 3 218 0 235 4 252 16 269 5 286 6 302 2 318 0
5 0 2 1 9 3 6 10 3 6 270 11 7 4 3 1 9 0
6 0 3 2 220 2 7 5 4 10 1 10 8 1 4 0 320 0
7 0 4 2 1 3 8 2 5 11 2 6 9 1 5 1 1 0
8 1 5 0 2 0 9 5 6 8 3 6 290 1 6 1 2 1
9 0 6 6 3 4 240 6 7 7 4 5  1 3 7 0 3 0
190 0 7 1 4 6 1 5 8 7 5 7 2 1 8 0 4 0
1 0 8 1 5 2 2 3 9 8 6 5 3 1 9 0 5 0
2 1 9 3 6 0 3 8 260 13 7 5 4 2 310 0 6 0
3 0 210 0 7 5 4 6 1 9 8 3 5 0 1 0 7 0
4 0 1 0 8 3 5 5 2 5 9 6  6 0 2 0 8 0
5 0 2 3 9 8 6 7 3 16 280 3 7 0 3 0 9 0
6 0 3 3 230 7 7 14 4 11 1 1 8 0 4 0 330 1
7 1 4 1 1 2 8 8 5 4 2 4 9 2 5 1 341 1
8 0 5 3 2 10 9 11 6 6 3 5 300 0 6 0 366 1
9 1 6 4 3 3 250 12 7 8 4 5 301 0 317 0 367 1
200 0 217 4 234 6 251 3 268 5 285 4

