133 1 166 0 185 0 204 0 223 8 242 8 261 14 280 3 299 0
140 1 7 0 6 0 5 1 4 5 3 11 2 8 1 0 300 0
148 1 8 0 7 0 6 3 5 9 4 8 3 4 2 3 1 0
9 1 9 0 8 1 7 3 6 5 5 9 4 7 3 6 2 0
150 0 170 0 9 0 8 4 7 5 6 7 5 2 4 2 3 0
1 0 1 0 190 0 9 2 8 9 7 9 6 6 5 1 4 1
2 0 2 0 1 0 210 2 9 4 8 7 7 4 6 0 5 0
3 0 3 0 2 0 1 6 230 8 9 9 8 5 7 4 6 1
4 0 4 0 3 0 2 4 1 13 250 5 9 6 8 0 7 0
5 0 5 0 4 1 3 1 2 7 1 9 270 5 9 0 8 0
6 0 6 0 5 2 4 3 3 6 2 8 1 6 290 1 9 0
7 1 7 1 6 0 5 2 4 13 3 8 2 3 1 1 310 1
8 1 8 0 7 0 6 3 5 8 4 5 3 2 2 0 1 1
9 0 9 0 8 2 7 2 6 6 5 13 4 5 3 1 2 1
160 0 180 0 9 0 8 4 7 3 6 2 5 5 4 1 3 0
1 0 1 0 200 1 9 4 8 10 7 7 6 3 5 2 4 0
2 0 2 0 1 0 220 5 9 5 8 4 7 2 6 3 5 0
3 0 3 0 2 0 1 10 240 5 9 7 8 2 7 1 6 1
4 1 184 1 203 2 222 5 241 7 260 5 279 3 298 2 373 1
165 0

