68 1 158 1 178 1 198 7 218 11 238 8 258 1 278 2 298 0
114 1 9 3 9 0 9 8 9 5 9 5 9 1 9 0 9 0
135 1 160 1 180 3 200 7 220 10 240 2 260 3 280 0 300 1
141 2 1 1 1 1 1 9 1 7 1 7 1 1 1 1 1 0
2 2 2 3 2 4 2 5 2 3 2 5 2 2 2 0 2 0
3 0 3 1 3 2 3 4 3 3 3 3 3 0 3 0 3 1
4 1 4 0 4 2 4 7 4 9 4 1 4 1 4 0 4 0
5 1 5 1 5 2 5 4 5 11 5 6 5 1 5 0 5 1
6 1 6 3 6 3 6 5 6 2 6 2 6 2 6 0 6 0
7 0 7 0 7 6 7 9 7 8 7 3 7 0 7 1 7 1
8 0 8 2 8 3 8 6 8 4 8 3 8 1 8 0 8 0
9 1 9 3 9 5 9 7 9 2 9 6 9 0 9 0 9 0
150 0 170 0 190 3 210 12 230 5 250 4 270 2 290 0 310 0
1 1 1 2 1 5 1 12 1 3 1 5 1 1 1 0 1 0
2 0 2 0 2 12 2 5 2 7 2 2 2 0 2 3 2 3
3 0 3 0 3 9 3 5 3 4 3 2 3 1 3 1 360 1
4 2 4 2 4 10 4 7 4 5 4 2 4 3 4 0 379 1
5 2 5 2 5 10 5 5 5 4 5 2 5 1 5 0 400 1
6 2 6 3 6 5 6 7 6 4 6 0 6 0 6 0 437 1
157 0 177 3 197 4 217 5 237 3 257 4 277 1 297 0 491 1


