119 1 198 2 213 3 228 9 243 12 257 12 271 3 285 1 299 0
134 1 9 1 4 4 9 4 4 10 8 5 2 1 6 4 300 0
156 1 200 2 5 1 230 7 5 16 9 8 3 4 7 0 1 0
172 1 1 1 6 1 1 11 6 9 260 6 4 1 8 1 2 1
175 1 2 0 7 4 2 12 7 7 1 9 5 5 9 0 3 0
188 2 3 0 8 7 3 18 8 11 2 2 6 0 290 2 4 0
9 0 4 1 9 5 4 5 9 13 3 6 7 2 1 0 5 0
190 1 5 1 220 3 5 7 250 13 4 4 8 0 2 4 6 0
1 0 6 1 1 6 6 11 1 14 5 1 9 0 3 0 7 2
2 1 7 1 2 3 7 10 2 14 6 1 280 3 4 3 8 0
3 0 8 2 3 1  8 8 3 12 7 2 1 2 5 0 9 1
4 0 9 6 4 4 9 8 4 12 8 2 2 1 6 0 334 1
5 0 210 3 5 8 240 6 5 6 9 3 3 1 7 1 340 1
6 0 1 3 6 6 1 9 256 8 270 3 284 0 298 0 374 1
197 0 212 3 227 5 242 8

