142 1 184 0 202 1 220 1 238 5 256 10 274 7 292 0 310 1
166 1 5 1 3 0 1 6 9 9 7 10 5 3 3 4 1 0
7 2 6 0 4 1 2 5 240 8 8 11 6 1 4 1 2 0
8 0 7 0 5 0 3 6 1 8 9 9 7 3 5 2 3 0
9 0 8 0 6 1 4 5 2 7 260 8 8 4 6 0 4 1
170 0 9 1 7 1 5 6 3 12 1 9 9 7 7 0 5 0
1 0 190 0 8 0 6 4 4 9 2 13 280 3 8 2 6 1
2 2 1 0 9 0 7 3 5 7 3 6 1 2 9 0 7 0
3 0 2 0 210 1 8 4 6 7 4 11 2 3 300 0 8 0
4 0 3 1 1 0 9 5 7 6 5 7 3 4 1 0 9 0
5 1 4 0 2 3 230 4 8 6 6 6 4 1 2 1 320 0
6 0 5 0 3 3 1 9 9 12 7 8 5 0 3 0 1 0
7 0 6 3 4 2 2 8 250 9 8 8 6 3 4 0 2 1
8 0 7 0 5 4 3 6 1 8 9 6 7 1 5 0 3 1
9 1 8 0 6 1 4 6 2 10 270 14 8 1 6 1 340 1
180 1 9 0 7 0 5 6 3 12 1 3 9 1 7 0 371 1
1 0 200 0 8 5 6 4 4 9 2 7 290 2 8 0 406 1
2 0 201 0 219 2 237 2 255 5 273 4 291 1 309 1 661 1
183 1


