65 1 107 0 129 2 151 5 173 6 195 4 217 3 238 1 259 0
67 1 8 1 130 6 2 4 4 3 6 4 8 5 9 0 260 0
76 1 9 2 1 1 3 6 5 0 7 7 9 4 240 1 1 1
82 1 110 1 2 2 4 5 6 5 8 4 220 1 1 1 2 0
89 1 1 0 3 2 5 2 7 4 9 6 1 4 2 0 3 1
90 1 2 1 4 1 6 5 8 2 200 2 2 2 3 2 4 0
1 0 3 0 5 0 7 4 9 6 1 4 3 4 4 1 5 1
2 0 4 4 6 1 8 5 180 6 2 1 4 3 5 2 6 0
3 0 5 3 7 1 9 2 1 9 3 5 5 1 6 3 7 0
4 0 6 2 8 2 160 3 2 13 4 5 6 5 7 2 8 1
5 0 7 3 9 2 1 4 3 6 5 2 7 3 8 2 278 1
6 1 8 0 140 1 2 5 4 8 6 4 8 4 9 0 282 1
7 0 9 0 1 1 3 4 5 7 7 7 9 4 250 2 301 2
8 0 120 0 2 2 4 2 6 6 8 4 230 1 1 1 314 1
9 0 1 1 3 3 5 7 7 7 9 6 1 5 2 1 336 1
100 1 2 0 4 2 6 4 8 4 210 4 2 1 3 0 357 1
1 0 3 0 5 3 7 14 9 5 1 5 3 3 4 0 373 1
2 2 4 0 6 2 8 4 190 4 2 4 4 2 5 1 376 1
3 0 5 0 7 7 9 2 1 7 3 8 5 2 6 0 386 1
4 1 6 1 8 4 170 7 2 1 4 2 6 1 7 1 459 1
5 0 7 2 9 2 1 3 3 7 5 5 237 3 258 0 687 1
106 1 128 1 150 1 172 5 194 5 216 0
