158 1 348 0 389 1 430 0 471 1 512 1 553 0 593 1 633 2
240 1 9 1 390 3 1 2 2 4 3 2 4 1 4 1 4 1
261 1 350 0 1 2 2 0 3 4 4 2 5 1 5 0 5 1
277 1 1 0 2 3 3 3 4 2 5 3 6 2 6 0 6 3
296 1 2 0 3 4 4 2 5 1 6 2 7 2 7 1 7 1
312 1 3 1 4 2 5 1 6 2 7 1 8 0 8 0 8 1
3 0 4 2 5 1 6 5 7 1 8 0 9 1 9 1 9 0
4 0 5 2 6 4 7 1 8 3 9 2 560 3 600 1 640 0
5 1 6 0 7 2 8 2 9 1 520 1 1 1 1 0 1. 0
6 1 7 1 8 0 9 0 480 5 1 0 2 1 2 2 2 0
7 0 8 2 9 3 440 2 1 2 2 0 3 0 3 0 3 0
8 0 9 1 400 1 1 3 2 1 3 1 4 0 4 0 4 0
9 0 360 0 1 3 2 1 3 0 4 0 5 2 5 0 5 0
320 0 1 3 2 0 3 1 4 4 5 3 6 0 6 1 6 1
1 2 2 3 3 0 4 1 5 2 6 1 7 2 7 .0 7 0
2 0 3 2 4 3 5 3 6 2 7 1 8 0 8 1 8 0
3 1 4 1 5 2 6 3 7 0 8 2 9 1 9 1 9 0
4 1 5 0 6 2 7 5 8 1 9 1 570 1 610 0 650 0
5 2 6 2 7 2 8 2 9 6 530 2 1 1 1 1 1 0
6 0 7 3 8 3 9 1 490 2 1 2 2 2 2 0 2 2
7 0 8 1 9 3 450 1 1 0 2 1 3 0 3 0 3 0
8 0 9 1 410 2 1 1 2 6 3 2 4 1 4 0 4 0
9 0 370 1 1 3 2 1 3 2 4 0 5 0 5 0 5 0
330 0 1 1 2 3 3 2 4 0 5 3 6 1 6 1 6 0
1 0 2 1 3 1 4 2 5 1 6 0 7 1 7 0 7 0
2 1 3 0 4 4 5 3 6 2 7 1 8 1 8 0 8 0
3 0 4 1 5 3 6 3 7 3 8 1 9 2 9 0 9 1
4 0 5 1 6 6 7 2 8 2 9 2 580 1 620 1 660 1
5 0 6 0 7 2 8 2 9 2 540 3 1 2 1 1 1 0
6 0 7 2 8 2 9 1 500 0 1 3 2 0 2 1 2 0
7 2 8 1 9 2 460 3 1 3 2 1 3 3 3 2 3 0
8 0 9 1 420 2 1 6 2 3 3 1 4 2 4 0 4 1
9 1 380 1 1 1 2 1 3 5 4 1 5 0 5 1 682 1
340 0 1 1 2 0 3 3 4 0 5 0 6 2 6 1 692 1
1 0 2 0 3 3 4 1 5 2 6 1 7 1 7 0 732 1
2 1 3 0 4 2 5 1 6 4 7 0 8 0 8 2 748 1
3 1 4 1 5 4 6 3 7 6 8 2 9 1 9 0 757 1
4 2 5 0 6 3 7 6 8 4 9 2 590 1 630 0 900 1
5 2 6 4 7 0 8 4 9 1 550 1 1 2 1 1 919 1
6 0 7 2 8 4 9 4 510 2 1 1 592 2 632 2 978 1
347 3 388 1 429 2 470 4 511 0 552 2

