66 1 117 0 137 2 157 5 177 4 197 3 217 1 237 1 257 0
72 1 8 1 8 0 8 6 8 3 8 3 8 3 8 1 8 0
75 1 9 1 9 5 9 7 9 7 9 1 9 2 9 2 9 1
87 2 120 1 140 5 160 7 180 3 200 5 220 3 240 0 260 1
88 1 1 1 1 3 1 7 1 4 1 1 1 1 1 0 1 0
101 2 2 3 2 6 2 3 2 11 2 8 2 1 2 1 2 0
2 0 3 2 3 3 3 10 3 9 3 2 3 1 3 0 3 0
3 0 4 2 4 4 4 6 4 7 4 4 4 1 4 3 4 1
4 1 5 1 5 1 5 12 5 6 5 0 5 2 5 1 272 1
5 1 6 0 6 6 6 2 6 8 6 2 6 1 6 1 277 1
6 1 7 0 7 8 7 4 7 9 7 1 7 0 7 0 280 1
7 1 8 1 8 3 8 5 8 2 8 2 8 1 8 0 285 1
8 1 9 2 9 4 9 6 9 7 9 1 9 3 9 0 287 2
9 2 130 1 150 5 170 9 190 7 210 4 230 1 250 0 290 1
110 0 1 4 1 4 1 5 1 6 1 3 1 0 1 0 316 1
1 1 2 2 2 7 2 9 2 7 2 3 2 0 2 0 327 1
2 2 3 0 3 4 3 5 3 5 3 1 3 1 3 0 367 1
3 2 4 5 4 7 4 5 4 6 4 4 4 0 4 0 376 1
4 0 5 4 5 4 5 5 5 2 5 3 5 0 5 0 392 1
5 1 136 1 156 5 176 7 196 7 216 3 236 0 256 0 411 1
116 3

