90 2 142 1 164 2 186 4 208 5 229 3 250 0 271 1 292 1
106 1 3 1 5 3 7 4 9 4 230 2 1 1 2 2 3 1
111 1 4 3 6 3 8 2 210 3 1 6 2 2 3 0 4 0
113 1 5 1 7 5 9 2 1 4 2 4 3 5 4 2 5 1
124 2 6 3 8 2 190 2 2 3 3 2 4 1 5 1 6 0
5 2 7 5 9 5 1 6 3 1 4 3 5 2 6 1 7 0
6 2 8 5 170 4 2 4 4 9 5 2 6 2 7 0 8 0
7 2 9 2 1 8 3 5 5 9 6 2 7 2 8 1 9 0
8 2 150 4 2 1 4 10 6 5 7 1 8 2 9 0 300 0
9 0 1 7 3 3 5 10 7 1 8 4 9 4 280 1 1 0
130 1 2 2 4 4 6 1 8 2 9 3 260 1 1 1 2 0
1 0 3 0 5 6 7 4 9 7 240 2 1 2 2 3 3 1
2 2 4 3 6 2 8 5 220 3 1 1 2 1 3 1 318 1
3 0 5 1 7 3 9 10 1 4 2 3 3 2 4 0 323 1
4 1 6 1 8 6 200 8 2 7 3 1 4 1 5 1 347 1
5 0 7 5 9 2 1 3 3 5 4 0 5 3 6 0 356 1
6 2 8 1 180 6 2 4 4 3 5 3 6 0 7 1 364 1
7 0 9 3 1 5 3 4 5 2 6 4 7 0 8 0 365 1
8 1 160 4 2 2 4 4 6 5 7 2 8 1 9 1 381 1
9 1 1 6 3 2 5 8 7 8 8 1 9 1 290 0 445 1
140 3 2 1 4 8 6 4 228 3 249 1 270 0 291 1 452 1
141 1 163 3 185 2 207 5
