71 1 136 1 154 4 172 2 189 6 206 9 223 2 240 1 257 0
77 1 7 0 5 3 3 6 190 9 7 3 4 4 1 0 8 1
88 1 8 1 6 1 4 5 1 6 8 6 5 5 2 0 9 0
106 1 9 2 7 3 5 8 2 5 9 8 6 0 3 0 260 0
114 1 140 1 8 3 6 6 3 8 210 5 7 5 4 2 1 1
115 1 1 1 9 2 7 6 4 6 1 8 8 1 5 0 2 0
124 1 2 1 160 1 8 4 5 10 2 6 9 4 6 4 3 0
5 0 3 3 1 2 9 7 6 7 3 7 230 2 7 1 4 1
6 0 4 0 2 2 180 2 7 6 4 5 1 0 8 0 276 1
7 1 5 1 3 1 1 8 8 14 5 6 2 3 9 1 281 2
8 0 6 3 4 5 2 7 9 7 6 6 3 4 250 2 286 1
9 2 7 2 5 4 3 5 200 8 7 4 4 2 1 0 301 2
130 0 8 0 6 5 4 8 1 10 8 7 5 1 2 0 302 1
1 0 9 2 7 2 5 5 2 6 9 3 6 2 3 1 307 1
2 2 150 2 8 2 6 8 3 3 220 8 7 2 4 1 347 1
3 0 1 2 9 5 7 6 4 8 1 3 8 3 5 1 368 1
4 2 2 1 170 8 188 11 205 6 222 5 239 4 256 0 505 1
135 1 153 2 171 2

