61  1 133 0 151 2 169 5 187 9 204 9 221 5 238 1 255 1
85 1 4 0 2 2 170 7 8 10 5 10 2 7 9 1 6 0
105 1 5 0 3 1 1 3 9 3 6 3 3 2 240 0 7 1
111 1 6 0 4 4 2 3 190 11 7 8 4 1 1 2 8 0
119 1 7 2 5 5 3 5 1 6 8 5 5 4 2 1 9 0
120 0 8 2 6 3 4 7 2 8 9 5 6 1 3 1 260 1
1 0 9 1 7 2 5 4 3 11 210 4 7 2 4 1 1 0
2 1 140 0 8 4 6 4 4 8 1 3 8 3 5 0 2 1
3 1 1 0 9 1 7 8 5 8 2 10 9 5 6 0 3 0
4 0 2 0 160 3 8 3 6 8 3 7 230 4 7 1 4 1
5 0 3 3 1 2 9 5 7 7 4 9 1 2 8 0 5 1
6 1 4 1 2 2 180 6 8 8 5 3 2 3 9 0 274 1
7 0 5 0 3 4 1 9 9 8 6 3 3 1 250 0 288 2
8 0 6 4 4 0 2 5 200 6 7 6 4 1 1 1 312 1
9 0 7 2 5 3 3 6 1 4 8 5 5 3 2 0 318 1
130 0 8 2 6 4 4 10 2 13 9 2 6 0 3 2 335 1
1 1 9 2 7 4 5 4 203 7 220 10 237 1 254 0 360 1
132 1 150 1 168 3 186 11

