65 1 148 1 169 2 190 6 211 10 231 3 251 1 271 2 291 0
97 1 9 1 170 4 1 9 2 6 2 5 2 2 2 1 2 0
111 2 150 0 1 7 2 9 3 9 3 3 3 2 3 2 3 0
126 1 1 1 2 5 3 4 4 8 4 3 4 1 4 0 4 1
131 1 2 2 3 4 4 7 5 6 5 3 5 1 5 0 5 0
2 0 3 2 4 5 5 9 6 1 6 3 6 2 6 0 6 0
3 0 4 1 5 3 6 5 7 6 7 2 7 0 7 1 7 2
4 1 5 2 6 6 7 6 8 1 8 3 8 0 8 0 8 0
5 1 6 0 7 10 8 5 9 5 9 2 9 2 9 1 9 2
6 0 7 3 8 4 9 5 220 5 240 3 260 1 280 0 314 1
7 0 8 0 9 4 200 10 1 5 1 1 1 2 1 0 319 1
8 1 9 5 180 2 1 12 2 5 2 1 2 0 2 0 323 1
9 0 160 2 1 1 2 8 3 4 3 1 3 4 3 1 327 1
140 0 1 3 2 8 3 6 4 8 4 1 4 3 4 0 343 1
1 1 2 2 3 13 4 10 5 3 5 0 5 0 5 0 347 1
2 0 3 1 4 10 5 6 6 4 6 1 6 0 6 0 352 1
3 1 4 3 5 5 6 6 7 3 7 3 7 1 7 1 355 1
4 1 5 2 6 4 7 3 8 3 8 0 8 1 8 0 365 1
5 0 6 3 7 3 8 6 9 5 9 1 9 0 9 0 381 1
6 1 7 3 8 6 9 6 230 4 250 0 270 0 290 0 521 1
147 1 168 2 189 6 210 8

