73 1 177 0 195 2 213 4 231 5 249 4 267 1 285 1 302 1
105 1 8 0 6 1 4 9 2 11 250 7 8 7 6 0 3 0
110 1 9 1 7 1 5 8 3 8 1 4 9 1 7 1 4 0
112 1 180 0 8 3 6 4 4 8 2 6 270 4 8 2 5 0
140 1 1 0 9 1 7 8 5 9 3 3 1 3 9 1 6 0
148 1 2 0 200 0 8 7 6 15 4 4 2 4 290 1 7 0
158 1 3 0 1 1 9 9 7 7 5 7 3 1 1 0 8 0
166 1 4 1 2 4 220 5 8 12 6 8 4 1 2 1 9 2
7 0 5 0 3 1 1 5 9 10 7 6 5 2 3 1 310 1
8 1 6 1 4 2 2 10 240 15 8 3 6 1 4 0 1 1
9 1 7 3 5 2 3 12 1 9 9 1 7 1 5 2 2 0
170 0 8 0 6 1 4 7 2 8 260 2 8 1 6 1 3 0
1 0 9 0 7 0 5 6 3 14 1 3 9 3 7 0 4 0
2 0 190 0 8 5 6 7 4 4 2 8 280 1 8 0 5 1
3 0 1 0 9 4 7 8 5 4 3 3 1 0 9 0 406 1
4 2 2 2 210 6 8 11 6 7 4 1 2 1 300 0 443 1
5 1 3 4 1 5 9 8 7 7 5 1 3 0 301 0 467 2
176 0 194 1 212 5 230 12 248 8 266 2 284 1

