95 1 175 1 193 2 211 1 229 6 247 3 265 5 282 0 299 0
109 1 6 0 4 2 2 2 230 8 8 1 6 3 3 2 300 1
126 1 7 0 5 0 3 6 1 4 9 2 7 5 4 3 1 0
141 1 8 0 6 5 4 5 2 3 250 2 8 1 5 0 2 0
157 1 9 1 7 0 5 5 3 9 1 7 9 4 6 1 3 0
162 1 180 0 8 4 6 7 4 6 2 3 270 4 7 0 4 1
3 0 1 1 9 1 7 5 5 6 3 3 1 2 8 0 5 1
4 1 2 1 200 3 8 8 6 5 4 3 2 1 9 2 314 1
5 0 3 0 1 2 9 6 7 4 5 5 3 1 290 0 316 1
6 0 4 0 2 2 220 12 8 4 6 6 4 3 1 0 318 1
7 0 5 0 3 1 1 8 9 6 7 5 5 1 2 1 322 1
8 0 6 0 4 1 2 11 240 11 8 1 6 1 3 0 329 1
9 0 7 1 5 2 3 4 1 4 9 3 7 1 4 0 354 1
170 1 8 0 6 4 4 4 2 7 260 2 8 0 5 0 365 1
1 0 9 0 7 5 5 6 3 6 1 4 9 1 6 1 374 1
2 2 190 0 8 3 6 5 4 5 2 3 280 0 7 1 390 1
3 1 1 3 9 4 7 5 5 5 3 1 281 3 298 1 391 1
174 0 192 0 210 2 228 13 246 6 264 1

