76 1 195 0 216 1 237 5 258 9 279 10 300 4 321 1 342 1
104 1 6 2 7 0 8 2 9 7 280 4 1 0 2 0 3 0
128 1 7 0 8 1 9 5 260 11 1 7 2 1 3 1 4 1
147 1 8 0 9 2 240 7 1 9 2 6 3 1 4 1 5 3
162 1 9 0 220 3 1 2 2 8 3 7 4 1 5 1 6 0
166 1 200 1 1 3 2 4 3 5 4 7 5 1 6 1 7 1
180 1 1 1 2 0 3 5 4 7 5 3 6 2 7 0 8 2
1 0 2 0 3 4 4 4 5 8 6 6 7 0 8 0 9 0
2 0 3 1 4 3 5 9 6 5 7 7 8 2 9 0 350 0
3 0 4 0 5 2 6 2 7 3 8 3 9 5 330 0 1 0
4 0 5 0 6 0 7 5 8 7 9 5 310 6 1 0 2 0
5 0 6 1 7 2 8 4 9 2 290 5 1 1 2 1 3 1
6 3 7 2 8 1 9 8 270 6 1 6 2 4 3 0 366 1
7 0 8 5 9 3 250 5 1 5 2 7 3 0 4 0 372 1
8 0 9 4 230 6 1 7 2 6 3 5 4 1 5 0 380 1
9 0 210 2 1 2 2 4 3 7 4 5 5 4 6 0 390 1
190 1 1 2 2 4 3 5 4 5 5 3 6 1 7 1 392 1
1 0 2 2 3 3 4 7 5 6 6 5 7 2 8 1 394 1
2 0 3 2 4 3 5 7 6 11 7 1 8 0 9 1 448 1
3 1 4 2 5 4 6 5 7 2 8 3 9 0 340 0 467 1
194 0 215 2 236 3 257 7 278 5 299 3 320 2 341 1

