63 1 185 0 203 4 221 6 239 13 256 12 273 2 290 2 307 0
105 1 6 0 4 2 2 9 240 6 7 1 4 0 1 0 8 0
119 1 7 4 5 3 3 5 1 10 8 6 5 3 2 0 9 0
132 1 8 2 6 5 4 10 2 9 9 2 6 0 3 0 310 0
157 1 9 2 7 2 5 9 3 11 260 6 7 0 4 0 1 0
158 1 190 0 8 1 6 6 4 8 1 6 8 2 5 0 2 0
166 1 1 3 9 8 7 6 5 9 2 2 9 1 6 0 3 0
174 1 2 1 210 5 8 11 6 11 3 5 280 1 7 1 4 0
5 0 3 1 1 8 9 14 7 5 4 3 1 1 8 0 5 0
6 0 4 0 2 1 230 10 8 8 5 1 2 1 9 0 6 0
7 0 5 2 3 5 1 11 9 3 6 4 3 1 300 0 7 2
8 0 6 4 4 4 2 5 250 5 7 2 4 0 1 0 8 0
9 1 7 3 5 3 3 8 1 7 8 1 5 0 2 0 9 1
180 1 8 2 6 2 4 6 2 9 9 0 6 1 3 0 359 1
1 1 9 1 7 4 5 9 3 9 270 1 7 0 4 1 470 1
2 0 200 4 8 7 6 8 4 8 1 3 8 0 5 1 693 1
3 0 1 4 9 3 7 11 255 7 272 4 289 1 306 2 705 1
184 3 202 1 220 4 238 12

