81 1 165 0 183 5 200 5 217 7 234 4 251 6 268 0 285 1
122 1 6 2 4 1 1 4 8 10 5 2 2 2 9 0 6 0
130 1 7 2 5 6 2 5 9 9 6 9 3 4 270 0 7 0
150 1 8 0 6 4 3 6 220 10 7 6 4 2 1 0 8 1
1 1 9 1 7 5 4 5 1 9 8 4 5 5 2 2 9 0
2 0 170 2 8 4 5 7 2 5 9 9 6 2 3 0 290 0
3 0 1 3 9 5 6 7 3 4 240 4 7 1 4 1 1 0
4 0 2 3 190 3 7 10 4 11 1 4 8 2 5 1 2 0
5 0 3 1 1 4 8 13 5 4 2 1 9 1 6 0 3 0
6 1 4 1 2 3 9 6 6 9 3 6 260 2 7 0 4 1
7 1 5 2 3 7 210 11 7 8 4 7 1 2 8 0 5 0
8 0 6 1 4 1 1 8 8 10 5 0 2 2 9 0 6 0
9 1 7 1 5 9 2 11 9 5 6 2 3 0 280 0 7 0
160 0 8 5 6 7 3 5 230 8 7 3 4 1 1 1 8 0
1 1 9 2 7 6 4 8 1 9 8 2 5 3 2 0 9 1
2 2 180 2 8 2 5 10 2 7 9 2 6 0 3 0 302 1
3 1 1 4 199 8 216 4 233 1 250 3 267 1 284 0 416 1
164 3 182 5

