75 1 193 0 209 0 225 7 241 10 257 8 273 1 288 0 303 0
137 1 4 0 210 1 6 7 2 7 8 7 4 4 9 3 4 0
160 1 5 0 1 3 7 7 3 10 9 10 5 2 290 1 5 0
161 2 6 1 2 1 8 6 4 8 260 5 6 3 1 2 6 0
181 1 7 1 3 3 9 9 5 3 1 11 7 1 2 2 7 0
2 0 8 2 4 0 230 8 6 10 2 6 8 3 3 2 8 0
3 1 9 0 5 3 1 10 7 11 3 8 9 4 4 0 9 0
4 0 200 1 6 5 2 6 8 11 4 6 280 4 5 0 310 0
5 1 1 3 7 5 3 10 9 9 5 7 1 1 6 0 1 0
6 0 2 2 8 2 4 4 250 7 6 3 2 2 2 1 2 1
7 0 3 0 9 2 5 8 1 8 7 7 3 1 8 1 3 1
8 0 4 2 220 9 6 8 2 8 8 5 4 0 9 1 331 1
9 2 5 2 1 4 7 11 3 9 9 3 5 4 300 0 348 1
190 0 6 3 2 6 8 9 4 7 270 4 6 1 1 0 349 1
1 2 7 0 3 5 9 10 5 10 1 1 287 5 302 1 438 1
192 1 208 2 224 3 240 10 256 10 272 3

