139 1 204 0 219 2 233 2 247 7 261 14 275 12 289 6 303 1
157 1 5 2 220 0 4 7 8 10 2 8 6 3 290 0 4 0
171 1 6 1 1 1 5 6 9 3 3 12 7 4 1 1 5 0
192 1 7 2 2 6 6 6 250 8 4 7 8 8 2 1 6 0
3 1 8 0 3 1 7 6 1 13 5 8 9 4 3 0 7 1
4 1 9 1 4 4 8 12 2 8 6 17 280 2 4 2 8 0
5 0 210 1 5 4 9 10 3 14 7 8 1 4 5 0 9 1
6 1 1 2 6 4 240 4 4 8 8 6 2 7 6 2 325 1
7 1 2 2 7 4 1 7 5 6 9 5 3  3 7 1 339 1
8 0 3 2 8 1 2 10 6 8 270 5 4 1 8 2 342 1
9 0 4 1 9 6 3 7 7 6 1 9 5 4 9 1 382 1
200 0 5 1 230 5 4 3 8 8 2 7 6 5 300 1 406 1
1 0 6 3 1 10 5 6 9 10 3 9 7 3 1 0 410 1
2 0 7 0 232 6 246 10 260 9 274 2 288 1 302 0 689 1
203 0 218 0 

