130 1 195 0 214 2 233 10 252 12 271 1 290 1 309 1 328 0
159 1 6 0 5 3 4 4 3 9 2 8 1 1 310 0 9 1
177 0 7 0 6 1 5 8 4 4 3 7 2 3 1 0 330 1
8 0 8 1 7 5 6 6 5 7 4 5 3 1 2 1 1 0
9 0 9 2 8 2 7 9 6 9 5 3 4 0 3 0 2 0
180 0 200 0 9 2 8 5 7 8 6 8 5 1 4 0 3 0
1 0 1 0 220 9 9 6 8 8 7 6 6 2 5 0 4 0
2 0 2 1 1 6 240 13 9 6 8 2 7 3 6 0 5 0
3 1 3 2 2 2 1 12 260 8 9 4 8 0 7 0 6 0
4 0 4 2 3 2 2 9 1 9 280 5 9 1 8 0 7 1
5 0 5 0 4 4 3 4 2 8 1 2 300 0 9 0 8 0
6 1 6 1 5 3 4 6 3 14 2 7 1 2 320 1 9 0
7 1 7 0 6 4 5 7 4 7 3 2 2 0 1 0 340 0
8 0 8 2 7 4 6 8 5 11 4 0 3 1 2 0 1 0
9 0 9 0 8 3 7 7 6 6 5 1 4 0 3 0 2 1
190 0 210 2 9 2 8 9 7 8 6 1 5 0 4 1 360 1
1 0 1 2 230 4 9 3 8 7 7 3 6 1 5 0 486 1
3 0 2 1 1 4 250 12 9 6 8 2 7 0 6 0 754 1
2 0 213 0 232 4 251 9 270 12 289 3 308 1 327 1 817 1
194 0

